// MilkShape 3D ASCII

Frames: 30
Frame: 1

Meshes: 2
"Triangles" 0 0
20
1 29.691032 2.189258 -13.962439 0.968734 0.062500 -1
0 29.746593 0.058823 -14.014725 1.000000 0.000000 -1
0 -30.244452 0.058823 -13.959175 0.000504 0.000000 -1
1 -30.308968 2.189258 -13.994698 0.030761 0.061492 -1
1 30.009007 2.071611 13.980101 0.969239 0.936492 -1
0 29.976749 -0.058824 14.015629 1.000000 1.000000 -1
0 -30.046547 -0.058824 14.015629 0.000000 1.000000 -1
1 -29.990992 2.071611 14.012362 0.031266 0.937500 -1
1 30.009010 12.099730 11.987198 0.969239 0.653226 -1
1 -30.055508 12.099730 12.083971 0.030257 0.656250 -1
1 -30.341225 12.099730 -11.773170 0.030257 0.375000 -1
1 29.755552 12.099730 -11.805429 0.969743 0.373992 -1
1 -30.212193 15.040906 -9.773169 0.032274 0.437500 -1
1 29.723295 15.040906 -9.773169 0.969239 0.437500 -1
1 -29.990992 18.127876 0.066357 0.031266 0.532258 -1
1 30.009010 18.127876 -0.030418 0.969239 0.497984 -1
1 -30.023249 15.040906 10.083971 0.030762 0.593750 -1
1 30.009010 15.040906 10.019455 0.969239 0.591734 -1
1 -30.055508 12.099730 12.083971 0.000000 0.000000 -1
1 -30.023249 15.040906 10.083971 0.000000 0.000000 -1
18
0.553960 0.064124 -0.830070
0.703442 0.035767 -0.709852
-0.448483 -0.010001 -0.893735
-0.559199 0.114906 -0.821032
0.319199 0.122621 0.939721
0.710552 0.010353 0.703568
-0.891042 -0.001130 0.453920
-0.315583 0.073679 0.946033
0.001488 0.382875 0.923799
0.001106 0.383184 0.923671
-0.000493 0.397557 -0.917577
-0.000113 0.397841 -0.917455
-0.000156 0.730525 -0.682886
-0.000171 0.866839 -0.498587
-0.000004 0.994304 -0.106578
0.000105 0.995051 0.099364
0.000589 0.868031 0.496510
0.000893 0.728300 0.685258
21
0 0 1 2 0 1 2 1
0 2 3 0 2 3 0 1
0 0 4 5 0 4 5 1
0 5 1 0 5 1 0 1
0 3 2 6 3 2 6 1
0 6 7 3 6 7 3 1
0 7 6 5 7 6 5 1
0 5 4 7 5 4 7 1
0 4 8 9 4 8 9 1
0 9 7 4 9 7 4 1
0 3 10 11 3 10 11 1
0 11 0 3 11 0 3 1
0 12 11 10 12 11 10 1
0 12 13 11 12 13 11 1
0 13 12 14 13 12 14 1
0 14 15 13 14 15 13 1
0 15 14 16 15 14 16 1
0 16 17 15 16 17 15 1
0 16 9 17 16 9 17 1
0 17 9 8 17 9 8 1
0 18 19 19 9 16 16 1
"Regroup02" 0 0
14
1 -30.212193 15.040906 -9.773169 0.934187 0.578973 -1
1 -30.023249 15.040906 10.083971 0.942777 0.578973 -1
1 -29.990992 18.127876 0.066357 0.938639 0.541408 -1
1 29.691032 2.189258 -13.962439 0.927215 0.948017 -1
1 29.755552 12.099730 -11.805429 0.930696 0.651894 -1
1 30.009007 2.071611 13.980101 0.949694 0.950200 -1
1 29.723295 15.040906 -9.773169 0.934187 0.578973 -1
1 30.009010 12.099730 11.987198 0.946046 0.651894 -1
1 30.009010 18.127876 -0.030418 0.938472 0.541408 -1
1 30.009010 15.040906 10.019455 0.942666 0.578973 -1
1 -30.308968 2.189258 -13.994698 0.927159 0.948017 -1
1 -29.990992 2.071611 14.012362 0.949748 0.950200 -1
1 -30.055508 12.099730 12.083971 0.946213 0.651894 -1
1 -30.341225 12.099730 -11.773170 0.930753 0.651894 -1
14
-0.999102 0.041290 0.009507
0.999927 -0.004030 -0.011396
0.999956 0.004984 -0.007891
0.999949 0.002428 -0.009758
0.999895 -0.008164 -0.011948
0.999863 -0.012830 -0.010485
0.999799 -0.017905 -0.008981
1.000000 0.000000 0.000000
-0.999919 -0.005096 0.011655
-0.999927 -0.004253 0.011335
-0.999926 0.002972 0.011762
-0.999796 0.016850 0.011154
-0.999543 0.028241 0.010741
-0.999256 0.037373 0.009508
10
0 0 1 2 0 0 0 1
0 3 4 5 1 2 3 1
0 5 4 6 3 2 4 1
0 7 5 6 5 3 4 1
0 6 8 7 4 6 5 1
0 7 8 9 5 6 7 1
0 10 11 12 8 9 10 1
0 12 13 10 10 11 8 1
0 13 12 1 11 10 12 1
0 1 0 13 12 13 11 1

Materials: 1
"Material01"
0.200000 0.200000 0.200000 1.000000
0.800000 0.800000 0.800000 1.000000
0.000000 0.000000 0.000000 1.000000
0.000000 0.000000 0.000000 1.000000
0.000000
1.000000
"Tap Note Green.png"
""

Bones: 0
GroupComments: 0
MaterialComments: 0
BoneComments: 0
ModelComment: 0
