// MilkShape 3D ASCII

Frames: 30
Frame: 1

Meshes: 1
"Triangles" 1 0
18
1 -32.004311 0.000000 -15.988728 0.000000 0.000000 -1
1 -32.004307 0.000000 15.880837 0.000000 1.000000 -1
1 -32.004314 1.941176 11.952449 0.000000 0.876735 -1
1 -31.960835 1.941176 -12.091030 0.000679 0.122302 -1
1 -31.960835 3.470588 8.011272 0.000679 0.753070 -1
1 -31.960835 3.470588 -7.945250 0.000679 0.252387 -1
1 -31.960835 4.529411 3.980581 0.000679 0.626595 -1
1 -32.004314 4.529411 -4.236810 0.000000 0.368751 -1
1 -31.960835 5.058823 -0.106375 0.000679 0.498355 -1
1 32.039169 0.000000 15.880837 1.000000 1.000000 -1
1 31.995693 0.000000 -15.945250 0.999321 0.001364 -1
1 31.985191 1.941176 -12.052197 0.999157 0.123520 -1
1 31.952213 1.941176 11.952449 0.998642 0.876735 -1
1 31.952211 3.470588 -7.945250 0.998642 0.252387 -1
1 32.039169 3.470588 7.967793 1.000000 0.751705 -1
1 31.952213 4.529411 -4.019418 0.998642 0.375572 -1
1 31.952213 4.529411 3.893625 0.998642 0.623866 -1
1 31.995689 5.058823 -0.106375 0.999321 0.498355 -1
18
-0.863453 -0.465920 -0.193309
-0.643633 0.510423 0.570267
-0.702093 0.658322 0.271438
-0.701899 0.650270 -0.290666
-0.704882 0.679523 0.203445
-0.713972 0.661437 -0.229660
-0.709322 0.693874 0.124100
-0.557471 0.810010 -0.181960
-0.314159 0.948523 -0.040094
0.869099 -0.455591 0.192623
0.641008 0.511375 -0.572368
0.699533 0.663294 -0.265883
0.707717 0.642745 0.293285
0.710527 0.671053 -0.211755
0.703881 0.673460 0.225841
0.704672 0.698607 -0.124037
0.554199 0.813349 0.176992
0.325575 0.944626 0.041023
32
1 0 1 2 0 1 2 1
1 2 3 0 2 3 0 1
1 3 2 4 3 2 4 1
1 4 5 3 4 5 3 1
1 4 6 5 4 6 5 1
1 5 6 7 5 6 7 1
1 8 7 6 8 7 6 1
1 9 10 11 9 10 11 1
1 11 12 9 11 12 9 1
1 12 11 13 12 11 13 1
1 13 14 12 13 14 12 1
1 15 14 13 15 14 13 1
1 15 16 14 15 16 14 1
1 16 15 17 16 15 17 1
1 0 10 9 0 10 9 1
1 9 1 0 9 1 0 1
1 3 11 10 3 11 10 1
1 10 0 3 10 0 3 1
1 3 5 11 3 5 11 1
1 13 11 5 13 11 5 1
1 5 7 13 5 7 13 1
1 13 7 15 13 7 15 1
1 15 7 8 15 7 8 1
1 15 8 17 15 8 17 1
1 17 8 6 17 8 6 1
1 6 16 17 6 16 17 1
1 16 6 4 16 6 4 1
1 4 14 16 4 14 16 1
1 14 4 2 14 4 2 1
1 2 12 14 2 12 14 1
1 12 2 1 12 2 1 1
1 1 9 12 1 9 12 1

Materials: 1
"Material01"
0.200000 0.200000 0.200000 1.000000
0.800000 0.800000 0.800000 1.000000
0.000000 0.000000 0.000000 1.000000
0.000000 0.000000 0.000000 1.000000
0.000000
1.000000
"Receptor Red (Doubleres).png"
""

Bones: 0
GroupComments: 0
MaterialComments: 0
BoneComments: 0
ModelComment: 0
