// MilkShape 3D ASCII

Frames: 30
Frame: 1

Meshes: 1
"6D7BB711712E1FE49B38A8E26B62F6C" 0 0
338
0 28.726238 0.005247 -0.094324 0.944142 0.502489 -1
0 28.563496 0.005247 2.959090 0.941629 0.549614 -1
0 28.563496 0.005247 -3.147739 0.941629 0.455363 -1
0 28.077124 0.005247 5.977919 0.934120 0.596205 -1
0 27.272615 0.005247 8.927939 0.921700 0.641735 -1
0 26.159098 0.005247 11.775742 0.904508 0.685687 -1
0 24.749189 0.005247 14.489033 0.882740 0.727562 -1
0 23.058867 0.005247 17.037094 0.856643 0.766888 -1
0 21.107275 0.005247 19.391060 0.826512 0.803218 -1
0 18.916544 0.005247 21.524229 0.792690 0.836141 -1
0 16.511473 0.005247 23.412462 0.755557 0.865283 -1
0 13.919301 0.005247 25.034355 0.715537 0.890315 -1
0 11.169427 0.005247 26.371532 0.673081 0.910952 -1
0 8.293016 0.005247 27.408852 0.628672 0.926962 -1
0 5.322621 0.005247 28.134529 0.582812 0.938161 -1
0 2.291926 0.005247 28.540367 0.536021 0.944425 -1
0 -0.764736 0.005247 28.621769 0.488829 0.945681 -1
0 -3.812732 0.005247 28.377804 0.441771 0.941916 -1
0 -6.817539 0.005247 27.811241 0.395379 0.933172 -1
0 -9.745095 0.005247 26.928486 0.350181 0.919548 -1
0 -12.562238 0.005247 25.739559 0.306686 0.901199 -1
0 -15.237027 0.005247 24.257925 0.265390 0.878332 -1
0 -17.739204 0.005247 22.500385 0.226759 0.851206 -1
0 -20.040365 0.005247 20.486809 0.191231 0.820130 -1
0 -22.114471 0.005247 18.240055 0.159209 0.785454 -1
0 -23.938026 0.005247 15.785568 0.131055 0.747573 -1
0 -25.490328 0.005247 13.151161 0.107089 0.706914 -1
0 -26.753830 0.005247 10.366669 0.087582 0.663939 -1
0 -27.714191 0.005247 7.463640 0.072754 0.619135 -1
0 -28.360548 0.005247 4.474987 0.062775 0.573009 -1
0 -28.685577 0.005247 1.434553 0.057757 0.526085 -1
0 -28.685577 0.005247 -1.623202 0.057757 0.478893 -1
0 -28.360548 0.005247 -4.663610 0.062775 0.431968 -1
0 28.077124 0.005247 -6.166534 0.934120 0.408773 -1
0 -27.714191 0.005247 -7.652254 0.072754 0.385843 -1
0 27.272615 0.005247 -9.116556 0.921700 0.363243 -1
0 -26.753830 0.005247 -10.555287 0.087582 0.341038 -1
0 26.159098 0.005247 -11.964356 0.904508 0.319291 -1
0 -25.490328 0.005247 -13.339775 0.107089 0.298064 -1
0 24.749189 0.005247 -14.677649 0.882740 0.277415 -1
0 -23.938026 0.005247 -15.974184 0.131055 0.257405 -1
0 23.058867 0.005247 -17.225708 0.856643 0.238090 -1
0 -22.114471 0.005247 -18.428671 0.159209 0.219524 -1
0 21.107275 0.005247 -19.579674 0.826512 0.201759 -1
0 -20.040365 0.005247 -20.675426 0.191231 0.184848 -1
0 18.916544 0.005247 -21.712845 0.792690 0.168837 -1
0 -17.739204 0.005247 -22.688997 0.226759 0.153771 -1
0 16.511473 0.005247 -23.601078 0.755557 0.139695 -1
0 -15.237027 0.005247 -24.446541 0.265390 0.126646 -1
0 13.919301 0.005247 -25.222973 0.715537 0.114663 -1
0 -12.562238 0.005247 -25.928171 0.306686 0.103779 -1
0 11.169427 0.005247 -26.560144 0.673081 0.094026 -1
0 -9.745095 0.005247 -27.117098 0.350181 0.085430 -1
0 8.293016 0.005247 -27.597473 0.628672 0.078016 -1
0 -6.817539 0.005247 -27.999857 0.395379 0.071806 -1
0 5.322621 0.005247 -28.323135 0.582812 0.066816 -1
0 -3.812732 0.005247 -28.566410 0.441771 0.063062 -1
0 2.291926 0.005247 -28.728987 0.536021 0.060553 -1
0 -0.764736 0.005247 -28.810383 0.488829 0.059296 -1
0 -11.724160 14.264202 -2.050733 0.319626 0.472294 -1
0 -11.724160 10.303379 -2.050733 0.319626 0.472294 -1
0 -11.886269 14.264202 -0.094323 0.317123 0.502489 -1
0 -11.886269 10.303379 -0.094323 0.317123 0.502489 -1
0 -11.724160 14.264202 1.862084 0.319626 0.532683 -1
0 -11.724160 10.303379 1.862084 0.319626 0.532683 -1
0 -11.242238 14.264202 3.765134 0.327066 0.562054 -1
0 -11.242238 10.303379 3.765134 0.327066 0.562054 -1
0 -10.453671 14.264200 5.562919 0.339241 0.589800 -1
0 -10.453671 10.303379 5.562919 0.339241 0.589800 -1
0 -9.379938 14.264200 7.206379 0.355818 0.615165 -1
0 -9.379938 10.303379 7.206377 0.355818 0.615165 -1
0 -8.050352 14.264200 8.650682 0.376346 0.637456 -1
0 -8.050352 10.303379 8.650682 0.376346 0.637456 -1
0 -6.501180 14.264200 9.856449 0.400264 0.656065 -1
0 -6.501180 10.303379 9.856449 0.400264 0.656065 -1
0 -4.774673 14.264200 10.790792 0.426919 0.670485 -1
0 -4.774673 10.303379 10.790792 0.426919 0.670485 -1
0 -2.917935 14.264200 11.428219 0.455586 0.680323 -1
0 -2.917935 10.303379 11.428219 0.455586 0.680323 -1
0 -0.981583 14.264200 11.751324 0.485481 0.685310 -1
0 -0.981583 10.303379 11.751324 0.485481 0.685310 -1
0 0.981527 14.264200 11.751324 0.515790 0.685310 -1
0 0.981527 10.303379 11.751324 0.515790 0.685310 -1
0 2.917878 14.264200 11.428219 0.545685 0.680323 -1
0 2.917878 10.303379 11.428219 0.545685 0.680323 -1
0 4.774618 14.264200 10.790792 0.574351 0.670485 -1
0 4.774618 10.303379 10.790792 0.574351 0.670485 -1
0 6.501125 14.264200 9.856449 0.601007 0.656065 -1
0 6.501125 10.303379 9.856449 0.601007 0.656065 -1
0 8.050299 14.264200 8.650682 0.624925 0.637456 -1
0 8.050299 10.303379 8.650682 0.624925 0.637456 -1
0 9.379880 14.264200 7.206379 0.645452 0.615165 -1
0 9.379880 10.303379 7.206377 0.645452 0.615165 -1
0 10.453614 14.264200 5.562919 0.662030 0.589800 -1
0 10.453614 10.303379 5.562919 0.662030 0.589800 -1
0 11.242181 14.264202 3.765134 0.674205 0.562054 -1
0 11.242181 10.303379 3.765134 0.674205 0.562054 -1
0 11.724103 14.264202 1.862084 0.681645 0.532683 -1
0 11.724103 10.303379 1.862084 0.681645 0.532683 -1
0 11.886209 14.264202 -0.094323 0.684148 0.502489 -1
0 11.886209 10.303379 -0.094323 0.684148 0.502489 -1
0 11.724103 14.264202 -2.050733 0.681645 0.472294 -1
0 11.724103 10.303379 -2.050733 0.681645 0.472294 -1
0 11.242181 14.264202 -3.953767 0.674205 0.442923 -1
0 11.242181 10.303379 -3.953767 0.674205 0.442923 -1
0 10.453614 14.264202 -5.751535 0.662030 0.415177 -1
0 10.453614 10.303379 -5.751535 0.662030 0.415177 -1
0 9.379880 14.264202 -7.394992 0.645452 0.389813 -1
0 9.379880 10.303379 -7.394993 0.645452 0.389813 -1
0 8.050299 14.264202 -8.839298 0.624925 0.367522 -1
0 8.050299 10.303379 -8.839298 0.624925 0.367522 -1
0 6.501125 14.264202 -10.045069 0.601007 0.348913 -1
0 6.501125 10.303379 -10.045069 0.601007 0.348913 -1
0 4.774618 14.264202 -10.979412 0.574351 0.334493 -1
0 4.774618 10.303379 -10.979412 0.574351 0.334493 -1
0 2.917878 14.264202 -11.616832 0.545685 0.324655 -1
0 2.917878 10.303379 -11.616832 0.545685 0.324655 -1
0 0.981527 14.264202 -11.939941 0.515790 0.319668 -1
0 0.981527 10.303379 -11.939941 0.515790 0.319668 -1
0 -0.981583 14.264202 -11.939941 0.485481 0.319668 -1
0 -0.981583 10.303379 -11.939941 0.485481 0.319668 -1
0 -2.917935 14.264202 -11.616832 0.455586 0.324655 -1
0 -2.917935 10.303379 -11.616832 0.455586 0.324655 -1
0 -4.774673 14.264202 -10.979412 0.426919 0.334493 -1
0 -4.774673 10.303379 -10.979412 0.426919 0.334493 -1
0 -6.501180 14.264202 -10.045069 0.400264 0.348913 -1
0 -6.501180 10.303379 -10.045069 0.400264 0.348913 -1
0 -8.050352 14.264202 -8.839298 0.376346 0.367522 -1
0 -8.050352 10.303379 -8.839298 0.376346 0.367522 -1
0 -9.379938 14.264202 -7.394992 0.355818 0.389813 -1
0 -9.379938 10.303379 -7.394993 0.355818 0.389813 -1
0 -10.453671 14.264202 -5.751535 0.339241 0.415177 -1
0 -10.453671 10.303379 -5.751535 0.339241 0.415177 -1
0 -11.242238 14.264202 -3.953767 0.327066 0.442923 -1
0 -11.242238 10.303379 -3.953767 0.327066 0.442923 -1
0 -21.913755 10.303379 -2.755126 0.162308 0.461423 -1
0 -21.968395 12.679874 -2.258025 0.161464 0.469095 -1
0 -22.074709 10.303379 -0.094323 0.159823 0.502489 -1
0 -22.074709 12.679874 -0.094323 0.159823 0.502489 -1
0 -21.968395 12.679874 2.069378 0.161464 0.535882 -1
0 -21.650534 12.679874 -4.400864 0.166372 0.436023 -1
0 -21.433243 10.303379 -5.377128 0.169726 0.420956 -1
0 -21.124176 12.679874 -6.502254 0.174498 0.403591 -1
0 -20.640209 10.303379 -7.922098 0.181970 0.381678 -1
0 -20.394363 12.679874 -8.541921 0.185766 0.372112 -1
0 -19.546185 10.303379 -10.352919 0.198861 0.344162 -1
0 -19.472145 12.679874 -10.502368 0.200004 0.341855 -1
0 -18.354450 12.679874 -12.358346 0.217260 0.313211 -1
0 -18.167131 10.303379 -12.634146 0.220152 0.308954 -1
0 -17.063982 12.679874 -14.098340 0.237184 0.286356 -1
0 -16.523153 10.303379 -14.732527 0.245534 0.276568 -1
0 -15.609170 12.679874 -15.703451 0.259645 0.261584 -1
0 -14.638246 10.303379 -16.617432 0.274635 0.247478 -1
0 -14.006924 12.679874 -17.161760 0.284382 0.239077 -1
0 -12.539866 10.303379 -18.261415 0.307032 0.222105 -1
0 -12.264068 12.679874 -18.448730 0.311290 0.219214 -1
0 -10.258639 10.303379 -19.640465 0.342252 0.200821 -1
0 -10.408089 12.679874 -19.566427 0.339945 0.201964 -1
0 -8.447640 12.679874 -20.488647 0.370212 0.187731 -1
0 -7.827819 10.303379 -20.734486 0.379782 0.183936 -1
0 -6.407973 12.679874 -21.218451 0.401703 0.176467 -1
0 -5.282846 10.303379 -21.527527 0.419074 0.171697 -1
0 -4.307470 12.679874 -21.749268 0.434132 0.168275 -1
0 -2.660830 10.303379 -22.008038 0.459555 0.164281 -1
0 -2.163730 12.679874 -22.062679 0.467230 0.163438 -1
0 -0.000028 10.303379 -22.168989 0.500635 0.161797 -1
0 -0.000028 12.679874 -22.168989 0.500635 0.161797 -1
0 2.164118 12.679874 -22.067194 0.534048 0.163368 -1
0 2.660774 10.303379 -22.008038 0.541716 0.164281 -1
0 4.306528 12.679874 -21.744816 0.567124 0.168343 -1
0 5.282791 10.303379 -21.527527 0.582197 0.171697 -1
0 6.407918 12.679874 -21.218451 0.599568 0.176467 -1
0 7.827763 10.303379 -20.734486 0.621489 0.183936 -1
0 8.447583 12.679874 -20.488647 0.631059 0.187731 -1
0 10.258581 10.303379 -19.640465 0.659019 0.200821 -1
0 10.408031 12.679874 -19.566427 0.661326 0.201964 -1
0 12.264009 12.679874 -18.448730 0.689981 0.219214 -1
0 12.539810 10.303379 -18.261415 0.694239 0.222105 -1
0 14.003999 12.679874 -17.158258 0.716844 0.239131 -1
0 14.638191 10.303379 -16.617432 0.726636 0.247478 -1
0 15.612334 12.679874 -15.706669 0.741676 0.261534 -1
0 16.523102 10.303379 -14.732527 0.755737 0.276568 -1
0 17.067429 12.679874 -14.101205 0.764141 0.286312 -1
0 18.167078 10.303379 -12.634146 0.781118 0.308954 -1
0 18.354397 12.679874 -12.358346 0.784011 0.313211 -1
0 19.546125 10.303379 -10.352919 0.802410 0.344162 -1
0 19.472094 12.679874 -10.502368 0.801267 0.341855 -1
0 20.394314 12.679874 -8.541921 0.815505 0.372112 -1
0 20.640154 10.303379 -7.922098 0.819301 0.381678 -1
0 21.124123 12.679874 -6.502254 0.826773 0.403591 -1
0 21.433191 10.303379 -5.377128 0.831544 0.420956 -1
0 21.650482 12.679874 -4.400864 0.834899 0.436023 -1
0 21.913704 10.303379 -2.755126 0.838963 0.461423 -1
0 21.972860 12.679874 -2.258470 0.839876 0.469088 -1
0 22.074654 10.303379 -0.094323 0.841448 0.502489 -1
0 22.074654 12.679874 -0.094323 0.841448 0.502489 -1
0 21.972860 12.679874 2.069822 0.839876 0.535889 -1
0 21.913704 10.303379 2.566477 0.838963 0.543554 -1
0 21.650482 12.679874 4.212235 0.834899 0.568954 -1
0 21.433191 10.303379 5.188511 0.831544 0.584022 -1
0 21.124123 12.679873 6.313637 0.826773 0.601386 -1
0 20.640154 10.303379 7.733482 0.819301 0.623300 -1
0 20.394314 12.679873 8.353304 0.815505 0.632866 -1
0 19.546125 10.303379 10.164303 0.802410 0.660816 -1
0 19.468102 12.679873 10.311611 0.801205 0.663090 -1
0 18.354397 12.679873 12.169729 0.784011 0.691767 -1
0 18.167078 10.303379 12.445530 0.781118 0.696024 -1
0 17.063929 12.679873 13.909721 0.764087 0.718622 -1
0 16.523102 10.303379 14.543911 0.755737 0.728409 -1
0 15.609118 12.679873 15.514839 0.741626 0.743394 -1
0 14.638191 10.303379 16.428818 0.726636 0.757500 -1
0 14.003999 12.679873 16.969645 0.716844 0.765847 -1
0 12.539810 10.303379 18.072800 0.694239 0.782873 -1
0 12.264009 12.679873 18.260115 0.689981 0.785764 -1
0 10.258581 10.303379 19.451851 0.659019 0.804157 -1
0 10.405894 12.679873 19.373819 0.661293 0.802952 -1
0 8.447583 12.679873 20.300034 0.631059 0.817247 -1
0 7.827763 10.303379 20.545879 0.621489 0.821041 -1
0 6.407918 12.679873 21.029839 0.599568 0.828511 -1
0 5.282791 10.303379 21.338909 0.582197 0.833281 -1
0 4.307415 12.679873 21.560654 0.567138 0.836703 -1
0 2.660774 10.303379 21.819418 0.541716 0.840697 -1
0 2.164118 12.679873 21.878576 0.534048 0.841610 -1
0 -0.000028 10.303379 21.980375 0.500635 0.843181 -1
0 -0.000028 12.679873 21.980375 0.500635 0.843181 -1
0 -2.163730 12.679873 21.874062 0.467230 0.841540 -1
0 -2.660830 10.303379 21.819418 0.459555 0.840697 -1
0 -4.306582 12.679873 21.556202 0.434146 0.836634 -1
0 -5.282846 10.303379 21.338909 0.419074 0.833281 -1
0 -6.407973 12.679873 21.029839 0.401703 0.828511 -1
0 -7.827819 10.303379 20.545879 0.379782 0.821041 -1
0 -8.447640 12.679873 20.300034 0.370212 0.817247 -1
0 -10.258639 10.303379 19.451851 0.342252 0.804157 -1
0 -10.405951 12.679873 19.373819 0.339978 0.802952 -1
0 -12.264068 12.679873 18.260115 0.311290 0.785764 -1
0 -12.539866 10.303379 18.072800 0.307032 0.782873 -1
0 -14.004057 12.679873 16.969645 0.284426 0.765847 -1
0 -14.638246 10.303379 16.428818 0.274635 0.757500 -1
0 -15.612386 12.679873 15.518053 0.259595 0.743444 -1
0 -16.523153 10.303379 14.543911 0.245534 0.728409 -1
0 -17.063982 12.679873 13.909721 0.237184 0.718622 -1
0 -18.167131 10.303379 12.445530 0.220152 0.696024 -1
0 -18.354450 12.679873 12.169729 0.217260 0.691767 -1
0 -19.546185 10.303379 10.164303 0.198861 0.660816 -1
0 -19.468153 12.679873 10.311611 0.200066 0.663090 -1
0 -20.394363 12.679873 8.353304 0.185766 0.632866 -1
0 -20.640209 10.303379 7.733482 0.181970 0.623300 -1
0 -21.124176 12.679873 6.313637 0.174498 0.601386 -1
0 -21.433243 10.303379 5.188511 0.169726 0.584022 -1
0 -21.650534 12.679874 4.212235 0.166372 0.568954 -1
0 -21.913755 10.303379 2.566477 0.162308 0.543554 -1
0 28.563496 4.758226 -3.147738 0.941629 0.455363 -1
0 28.726238 4.758226 -0.094324 0.944142 0.502489 -1
0 22.079184 12.679874 -0.094323 0.841518 0.502489 -1
0 28.077124 4.758226 -6.166534 0.934120 0.408773 -1
0 21.128462 12.679874 -6.503571 0.826840 0.403571 -1
0 27.272615 4.758228 -9.116556 0.921700 0.363243 -1
0 20.398495 12.679874 -8.543666 0.815569 0.372085 -1
0 26.159098 4.758228 -11.964356 0.904508 0.319291 -1
0 24.749189 4.758228 -14.677649 0.882740 0.277415 -1
0 18.358168 12.679874 -12.360867 0.784069 0.313172 -1
0 23.058867 4.758228 -17.225708 0.856643 0.238090 -1
0 21.107275 4.758228 -19.579674 0.826512 0.201759 -1
0 18.916544 4.758228 -21.712845 0.792690 0.168837 -1
0 16.511473 4.758228 -23.601078 0.755557 0.139695 -1
0 12.266528 12.679874 -18.452499 0.690020 0.219156 -1
0 13.919301 4.758228 -25.222973 0.715537 0.114663 -1
0 11.169427 4.758228 -26.560144 0.673081 0.094026 -1
0 8.449327 12.679874 -20.492828 0.631085 0.187666 -1
0 8.293016 4.758228 -27.597473 0.628672 0.078016 -1
0 6.409233 12.679874 -21.222795 0.599588 0.176400 -1
0 5.322621 4.758228 -28.323135 0.582812 0.066816 -1
0 2.291926 4.758228 -28.728987 0.536021 0.060553 -1
0 -0.000028 12.679874 -22.173519 0.500635 0.161727 -1
0 -0.764736 4.758228 -28.810383 0.488829 0.059296 -1
0 -3.812732 4.758228 -28.566410 0.441771 0.063062 -1
0 -6.817539 4.758228 -27.999857 0.395379 0.071806 -1
0 -6.409289 12.679874 -21.222795 0.401682 0.176400 -1
0 -9.745095 4.758228 -27.117098 0.350181 0.085430 -1
0 -8.449382 12.679874 -20.492828 0.370185 0.187666 -1
0 -12.562238 4.758228 -25.928171 0.306686 0.103779 -1
0 -15.237027 4.758228 -24.446541 0.265390 0.126646 -1
0 -12.266587 12.679874 -18.452499 0.311251 0.219156 -1
0 -17.739204 4.758228 -22.688997 0.226759 0.153771 -1
0 -20.040365 4.758228 -20.675426 0.191231 0.184848 -1
0 -22.114471 4.758228 -18.428671 0.159209 0.219524 -1
0 -23.938026 4.758228 -15.974184 0.131055 0.257405 -1
0 -18.358217 12.679874 -12.360867 0.217202 0.313172 -1
0 -25.490328 4.758228 -13.339775 0.107089 0.298064 -1
0 -20.398550 12.679874 -8.543666 0.185701 0.372085 -1
0 -26.753830 4.758228 -10.555287 0.087582 0.341038 -1
0 -21.128511 12.679874 -6.503571 0.174431 0.403571 -1
0 -27.714191 4.758226 -7.652254 0.072754 0.385843 -1
0 -28.360548 4.758226 -4.663609 0.062775 0.431968 -1
0 -28.685577 4.758226 -1.623201 0.057757 0.478893 -1
0 -22.079237 12.679874 -0.094323 0.159753 0.502489 -1
0 -28.685577 4.758226 1.434553 0.057757 0.526085 -1
0 -28.360548 4.758226 4.474987 0.062775 0.573009 -1
0 -27.714191 4.758226 7.463640 0.072754 0.619135 -1
0 -21.128511 12.679873 6.314953 0.174431 0.601407 -1
0 -26.753830 4.758226 10.366669 0.087582 0.663939 -1
0 -20.398550 12.679873 8.355045 0.185701 0.632893 -1
0 -25.490328 4.758226 13.151161 0.107089 0.706914 -1
0 -23.938026 4.758226 15.785568 0.131055 0.747573 -1
0 -18.358217 12.679873 12.172249 0.217202 0.691806 -1
0 -22.114471 4.758226 18.240055 0.159209 0.785454 -1
0 -20.040365 4.758226 20.486809 0.191231 0.820130 -1
0 -17.739204 4.758226 22.500385 0.226759 0.851206 -1
0 -12.266587 12.679873 18.263884 0.311251 0.785822 -1
0 -15.237027 4.758226 24.257925 0.265390 0.878332 -1
0 -12.562238 4.758226 25.739559 0.306686 0.901199 -1
0 -8.449382 12.679873 20.304218 0.370185 0.817312 -1
0 -9.745095 4.758226 26.928486 0.350181 0.919548 -1
0 -6.409289 12.679873 21.034185 0.401682 0.828578 -1
0 -6.817539 4.758226 27.811241 0.395379 0.933172 -1
0 -3.812732 4.758226 28.377804 0.441771 0.941916 -1
0 -0.764736 4.758226 28.621769 0.488829 0.945681 -1
0 -0.000028 12.679873 21.984903 0.500635 0.843251 -1
0 2.291926 4.758226 28.540367 0.536021 0.944425 -1
0 5.322621 4.758226 28.134529 0.582812 0.938161 -1
0 8.293016 4.758226 27.408852 0.628672 0.926962 -1
0 6.409233 12.679873 21.034185 0.599588 0.828578 -1
0 8.449327 12.679873 20.304218 0.631085 0.817312 -1
0 11.169427 4.758226 26.371532 0.673081 0.910952 -1
0 13.919301 4.758226 25.034355 0.715537 0.890315 -1
0 12.266528 12.679873 18.263884 0.690020 0.785822 -1
0 16.511473 4.758226 23.412462 0.755557 0.865283 -1
0 18.916544 4.758226 21.524229 0.792690 0.836141 -1
0 21.107275 4.758226 19.391060 0.826512 0.803218 -1
0 23.058867 4.758226 17.037094 0.856643 0.766888 -1
0 18.358168 12.679873 12.172249 0.784069 0.691806 -1
0 24.749189 4.758226 14.489033 0.882740 0.727562 -1
0 26.159098 4.758226 11.775742 0.904508 0.685687 -1
0 20.398495 12.679873 8.355045 0.815569 0.632893 -1
0 27.272615 4.758226 8.927939 0.921700 0.641735 -1
0 21.128462 12.679873 6.314953 0.826840 0.601407 -1
0 28.077124 4.758226 5.977919 0.934120 0.596205 -1
0 28.563496 4.758226 2.959090 0.941629 0.549614 -1
330
0.000000 0.000000 0.100000
-0.098636 -0.016459 0.000000
-0.100000 0.000000 0.000000
-0.098636 0.016459 0.000000
-0.094582 0.032470 0.000000
-0.087947 0.047595 0.000000
-0.078914 0.061421 0.000000
-0.067728 0.073572 0.000000
-0.054695 0.083717 0.000000
-0.040170 0.091577 0.000000
-0.024549 0.096940 0.000000
-0.008258 0.099658 0.000000
0.008258 0.099658 0.000000
0.024549 0.096940 0.000000
0.040170 0.091577 0.000000
0.054695 0.083717 0.000000
0.067728 0.073572 0.000000
0.078914 0.061421 0.000000
0.087947 0.047595 0.000000
0.094582 0.032470 0.000000
0.098636 0.016459 0.000000
0.100000 0.000000 0.000000
0.098636 -0.016459 0.000000
0.094582 -0.032470 0.000000
0.087947 -0.047595 0.000000
0.078914 -0.061421 0.000000
0.067728 -0.073572 0.000000
0.054695 -0.083717 0.000000
0.040170 -0.091577 0.000000
0.024549 -0.096940 0.000000
0.008258 -0.099658 0.000000
-0.008258 -0.099658 0.000000
-0.024549 -0.096940 0.000000
-0.040170 -0.091577 0.000000
-0.054695 -0.083717 0.000000
-0.067728 -0.073572 0.000000
-0.078914 -0.061421 0.000000
-0.087947 -0.047595 0.000000
-0.094582 -0.032470 0.000000
0.000000 0.000000 -0.100000
0.099271 0.012054 0.000000
0.099518 0.009802 0.000000
0.099518 -0.009802 0.000000
0.098079 0.019509 0.000000
0.097094 0.023932 0.000000
0.095694 0.029028 0.000000
0.093502 0.035460 0.000000
0.092388 0.038268 0.000000
0.088546 0.046472 0.000000
0.088192 0.047140 0.000000
0.083147 0.055557 0.000000
0.082298 0.056806 0.000000
0.077301 0.063439 0.000000
0.074851 0.066312 0.000000
0.070711 0.070711 0.000000
0.066312 0.074851 0.000000
0.063439 0.077301 0.000000
0.056806 0.082298 0.000000
0.055557 0.083147 0.000000
0.046472 0.088546 0.000000
0.047140 0.088192 0.000000
0.038268 0.092388 0.000000
0.035460 0.093502 0.000000
0.029028 0.095694 0.000000
0.023932 0.097094 0.000000
0.019509 0.098079 0.000000
0.012054 0.099271 0.000000
0.009802 0.099518 0.000000
0.000000 0.100000 0.000000
-0.009802 0.099518 0.000000
-0.012054 0.099271 0.000000
-0.019509 0.098079 0.000000
-0.023932 0.097094 0.000000
-0.029028 0.095694 0.000000
-0.035460 0.093502 0.000000
-0.038268 0.092388 0.000000
-0.046472 0.088546 0.000000
-0.047140 0.088192 0.000000
-0.055557 0.083147 0.000000
-0.056806 0.082298 0.000000
-0.063439 0.077301 0.000000
-0.066312 0.074851 0.000000
-0.070711 0.070711 0.000000
-0.074851 0.066312 0.000000
-0.077301 0.063439 0.000000
-0.082298 0.056806 0.000000
-0.083147 0.055557 0.000000
-0.088546 0.046472 0.000000
-0.088192 0.047140 0.000000
-0.092388 0.038268 0.000000
-0.093502 0.035460 0.000000
-0.095694 0.029028 0.000000
-0.097094 0.023932 0.000000
-0.098079 0.019509 0.000000
-0.099271 0.012054 0.000000
-0.099518 0.009802 0.000000
-0.099518 -0.009802 0.000000
-0.099271 -0.012054 0.000000
-0.098079 -0.019509 0.000000
-0.097094 -0.023932 0.000000
-0.095694 -0.029028 0.000000
-0.093502 -0.035460 0.000000
-0.092388 -0.038268 0.000000
-0.088546 -0.046472 0.000000
-0.088192 -0.047140 0.000000
-0.083147 -0.055557 0.000000
-0.082298 -0.056806 0.000000
-0.077301 -0.063439 0.000000
-0.074851 -0.066312 0.000000
-0.070711 -0.070711 0.000000
-0.066312 -0.074851 0.000000
-0.063439 -0.077301 0.000000
-0.056806 -0.082298 0.000000
-0.055557 -0.083147 0.000000
-0.046472 -0.088546 0.000000
-0.047140 -0.088192 0.000000
-0.038268 -0.092388 0.000000
-0.035460 -0.093502 0.000000
-0.029028 -0.095694 0.000000
-0.023932 -0.097094 0.000000
-0.019509 -0.098079 0.000000
-0.012054 -0.099271 0.000000
-0.009802 -0.099518 0.000000
0.000000 -0.100000 0.000000
0.009802 -0.099518 0.000000
0.012054 -0.099271 0.000000
0.019509 -0.098079 0.000000
0.023932 -0.097094 0.000000
0.029028 -0.095694 0.000000
0.035460 -0.093502 0.000000
0.038268 -0.092388 0.000000
0.046472 -0.088546 0.000000
0.047140 -0.088192 0.000000
0.055557 -0.083147 0.000000
0.056806 -0.082298 0.000000
0.063439 -0.077301 0.000000
0.066312 -0.074851 0.000000
0.070711 -0.070711 0.000000
0.074851 -0.066312 0.000000
0.077301 -0.063439 0.000000
0.082298 -0.056806 0.000000
0.083147 -0.055557 0.000000
0.088546 -0.046472 0.000000
0.088192 -0.047140 0.000000
0.092388 -0.038268 0.000000
0.093502 -0.035460 0.000000
0.095694 -0.029028 0.000000
0.097094 -0.023932 0.000000
0.098079 -0.019509 0.000000
0.099271 -0.012054 0.000000
0.076170 -0.008143 -0.064279
0.076236 -0.007509 -0.064279
0.076604 0.000000 -0.064279
0.076236 0.007509 -0.064279
0.075133 -0.014945 -0.064279
0.074873 -0.016193 -0.064279
0.073306 -0.022237 -0.064279
0.072728 -0.024060 -0.064279
0.070773 -0.029315 -0.064279
0.069759 -0.031654 -0.064279
0.067559 -0.036111 -0.064279
0.065999 -0.038889 -0.064279
0.063694 -0.042559 -0.064279
0.061491 -0.045684 -0.064279
0.059216 -0.048597 -0.064279
0.056287 -0.051962 -0.064279
0.054168 -0.054168 -0.064279
0.050445 -0.057650 -0.064279
0.048597 -0.059216 -0.064279
0.044031 -0.062686 -0.064279
0.042559 -0.063694 -0.064279
0.037119 -0.067011 -0.064279
0.036111 -0.067559 -0.064279
0.029786 -0.070577 -0.064279
0.029315 -0.070773 -0.064279
0.022115 -0.073343 -0.064279
0.022237 -0.073306 -0.064279
0.014945 -0.075133 -0.064279
0.014194 -0.075278 -0.064279
0.007509 -0.076236 -0.064279
0.006112 -0.076360 -0.064279
0.000000 -0.076604 -0.064279
-0.002039 -0.076577 -0.064279
-0.007509 -0.076236 -0.064279
-0.010167 -0.075927 -0.064279
-0.014945 -0.075133 -0.064279
-0.018180 -0.074416 -0.064279
-0.022237 -0.073306 -0.064279
-0.025987 -0.072062 -0.064279
-0.029315 -0.070773 -0.064279
-0.033500 -0.068891 -0.064279
-0.036111 -0.067559 -0.064279
-0.040633 -0.064940 -0.064279
-0.042559 -0.063694 -0.064279
-0.047305 -0.060253 -0.064279
-0.048597 -0.059216 -0.064279
-0.053442 -0.054884 -0.064279
-0.054168 -0.054168 -0.064279
-0.058973 -0.048892 -0.064279
-0.059216 -0.048597 -0.064279
-0.063836 -0.042347 -0.064279
-0.063694 -0.042559 -0.064279
-0.067559 -0.036111 -0.064279
-0.067975 -0.035322 -0.064279
-0.070773 -0.029315 -0.064279
-0.071344 -0.027896 -0.064279
-0.073306 -0.022237 -0.064279
-0.073906 -0.020155 -0.064279
-0.075133 -0.014945 -0.064279
-0.075629 -0.012185 -0.064279
-0.076236 -0.007509 -0.064279
-0.076496 -0.004077 -0.064279
-0.076604 0.000000 -0.064279
-0.076496 0.004077 -0.064279
-0.076236 0.007509 -0.064279
-0.075629 0.012185 -0.064279
-0.075133 0.014945 -0.064279
-0.073906 0.020155 -0.064279
-0.073306 0.022237 -0.064279
-0.071344 0.027896 -0.064279
-0.070773 0.029315 -0.064279
-0.067975 0.035322 -0.064279
-0.067559 0.036111 -0.064279
-0.063836 0.042347 -0.064279
-0.063694 0.042559 -0.064279
-0.059216 0.048597 -0.064279
-0.058973 0.048892 -0.064279
-0.054168 0.054168 -0.064279
-0.053442 0.054884 -0.064279
-0.048597 0.059216 -0.064279
-0.047305 0.060253 -0.064279
-0.042559 0.063694 -0.064279
-0.040633 0.064940 -0.064279
-0.036111 0.067559 -0.064279
-0.033500 0.068891 -0.064279
-0.029315 0.070773 -0.064279
-0.025987 0.072062 -0.064279
-0.022237 0.073306 -0.064279
-0.018180 0.074416 -0.064279
-0.014945 0.075133 -0.064279
-0.010167 0.075927 -0.064279
-0.007509 0.076236 -0.064279
-0.002039 0.076577 -0.064279
0.000000 0.076604 -0.064279
0.006112 0.076360 -0.064279
0.007509 0.076236 -0.064279
0.014194 0.075278 -0.064279
0.014945 0.075133 -0.064279
0.022115 0.073343 -0.064279
0.022237 0.073306 -0.064279
0.029315 0.070773 -0.064279
0.029786 0.070577 -0.064279
0.036111 0.067559 -0.064279
0.037119 0.067011 -0.064279
0.042559 0.063694 -0.064279
0.044031 0.062686 -0.064279
0.048597 0.059216 -0.064279
0.050445 0.057650 -0.064279
0.054168 0.054168 -0.064279
0.056287 0.051962 -0.064279
0.059216 0.048597 -0.064279
0.061491 0.045684 -0.064279
0.063694 0.042559 -0.064279
0.065999 0.038889 -0.064279
0.067559 0.036111 -0.064279
0.069759 0.031654 -0.064279
0.070773 0.029315 -0.064279
0.072728 0.024060 -0.064279
0.073306 0.022237 -0.064279
0.074873 0.016193 -0.064279
0.075133 0.014945 -0.064279
0.076170 0.008143 -0.064279
0.099433 -0.010629 0.000000
0.099433 0.010629 0.000000
0.097740 0.021138 0.000000
0.094940 0.031408 0.000000
0.091063 0.041321 0.000000
0.086155 0.050767 0.000000
0.080271 0.059637 0.000000
0.073477 0.067831 0.000000
0.065851 0.075257 0.000000
0.057479 0.081830 0.000000
0.048455 0.087476 0.000000
0.038882 0.092131 0.000000
0.028869 0.095742 0.000000
0.018529 0.098268 0.000000
0.007979 0.099681 0.000000
-0.002662 0.099965 0.000000
-0.013273 0.099115 0.000000
-0.023733 0.097143 0.000000
-0.033924 0.094070 0.000000
-0.043731 0.089931 0.000000
-0.053042 0.084773 0.000000
-0.061752 0.078655 0.000000
-0.069763 0.071646 0.000000
-0.076983 0.063824 0.000000
-0.083331 0.055280 0.000000
-0.088735 0.046109 0.000000
-0.093134 0.036416 0.000000
-0.096477 0.026310 0.000000
-0.098727 0.015906 0.000000
-0.099858 0.005322 0.000000
-0.099858 -0.005322 0.000000
-0.098727 -0.015906 0.000000
-0.096477 -0.026310 0.000000
-0.093134 -0.036416 0.000000
-0.088735 -0.046109 0.000000
-0.083331 -0.055280 0.000000
-0.076983 -0.063824 0.000000
-0.069763 -0.071646 0.000000
-0.061752 -0.078655 0.000000
-0.053042 -0.084773 0.000000
-0.043731 -0.089931 0.000000
-0.033924 -0.094070 0.000000
-0.023733 -0.097143 0.000000
-0.013273 -0.099115 0.000000
-0.002662 -0.099965 0.000000
0.007979 -0.099681 0.000000
0.018529 -0.098268 0.000000
0.028869 -0.095742 0.000000
0.038882 -0.092131 0.000000
0.048455 -0.087476 0.000000
0.057479 -0.081830 0.000000
0.065851 -0.075257 0.000000
0.073477 -0.067831 0.000000
0.080271 -0.059637 0.000000
0.086155 -0.050767 0.000000
0.091063 -0.041321 0.000000
0.094940 -0.031408 0.000000
0.097740 -0.021138 0.000000
744
0 0 1 2 0 0 0 1
0 2 1 3 0 0 0 1
0 2 3 4 0 0 0 1
0 4 5 2 0 0 0 1
0 2 5 6 0 0 0 1
0 2 6 7 0 0 0 1
0 7 8 2 0 0 0 1
0 2 8 9 0 0 0 1
0 2 9 10 0 0 0 1
0 10 11 2 0 0 0 1
0 2 11 12 0 0 0 1
0 2 12 13 0 0 0 1
0 13 14 2 0 0 0 1
0 2 14 15 0 0 0 1
0 2 15 16 0 0 0 1
0 16 17 2 0 0 0 1
0 2 17 18 0 0 0 1
0 2 18 19 0 0 0 1
0 19 20 2 0 0 0 1
0 2 20 21 0 0 0 1
0 2 21 22 0 0 0 1
0 22 23 2 0 0 0 1
0 2 23 24 0 0 0 1
0 2 24 25 0 0 0 1
0 25 26 2 0 0 0 1
0 2 26 27 0 0 0 1
0 2 27 28 0 0 0 1
0 28 29 2 0 0 0 1
0 2 29 30 0 0 0 1
0 2 30 31 0 0 0 1
0 31 32 2 0 0 0 1
0 2 32 33 0 0 0 1
0 33 32 34 0 0 0 1
0 33 34 35 0 0 0 1
0 35 34 36 0 0 0 1
0 35 36 37 0 0 0 1
0 37 36 38 0 0 0 1
0 37 38 39 0 0 0 1
0 39 38 40 0 0 0 1
0 39 40 41 0 0 0 1
0 41 40 42 0 0 0 1
0 41 42 43 0 0 0 1
0 43 42 44 0 0 0 1
0 43 44 45 0 0 0 1
0 45 44 46 0 0 0 1
0 45 46 47 0 0 0 1
0 47 46 48 0 0 0 1
0 47 48 49 0 0 0 1
0 49 48 50 0 0 0 1
0 49 50 51 0 0 0 1
0 51 50 52 0 0 0 1
0 51 52 53 0 0 0 1
0 53 52 54 0 0 0 1
0 53 54 55 0 0 0 1
0 55 54 56 0 0 0 1
0 55 56 57 0 0 0 1
0 57 56 58 0 0 0 1
0 59 60 61 1 1 2 1
0 61 60 62 2 1 2 1
0 61 62 63 2 2 3 1
0 63 62 64 3 2 3 1
0 63 64 65 3 3 4 1
0 65 64 66 4 3 4 1
0 65 66 67 4 4 5 1
0 67 66 68 5 4 5 1
0 67 68 69 5 5 6 1
0 69 68 70 6 5 6 1
0 69 70 71 6 6 7 1
0 71 70 72 7 6 7 1
0 71 72 73 7 7 8 1
0 73 72 74 8 7 8 1
0 73 74 75 8 8 9 1
0 75 74 76 9 8 9 1
0 75 76 77 9 9 10 1
0 77 76 78 10 9 10 1
0 77 78 79 10 10 11 1
0 79 78 80 11 10 11 1
0 79 80 81 11 11 12 1
0 81 80 82 12 11 12 1
0 81 82 83 12 12 13 1
0 83 82 84 13 12 13 1
0 83 84 85 13 13 14 1
0 85 84 86 14 13 14 1
0 85 86 87 14 14 15 1
0 87 86 88 15 14 15 1
0 87 88 89 15 15 16 1
0 89 88 90 16 15 16 1
0 89 90 91 16 16 17 1
0 91 90 92 17 16 17 1
0 91 92 93 17 17 18 1
0 93 92 94 18 17 18 1
0 93 94 95 18 18 19 1
0 95 94 96 19 18 19 1
0 95 96 97 19 19 20 1
0 97 96 98 20 19 20 1
0 97 98 99 20 20 21 1
0 99 98 100 21 20 21 1
0 99 100 101 21 21 22 1
0 101 100 102 22 21 22 1
0 101 102 103 22 22 23 1
0 103 102 104 23 22 23 1
0 103 104 105 23 23 24 1
0 105 104 106 24 23 24 1
0 105 106 107 24 24 25 1
0 107 106 108 25 24 25 1
0 107 108 109 25 25 26 1
0 109 108 110 26 25 26 1
0 109 110 111 26 26 27 1
0 111 110 112 27 26 27 1
0 111 112 113 27 27 28 1
0 113 112 114 28 27 28 1
0 113 114 115 28 28 29 1
0 115 114 116 29 28 29 1
0 115 116 117 29 29 30 1
0 117 116 118 30 29 30 1
0 117 118 119 30 30 31 1
0 119 118 120 31 30 31 1
0 119 120 121 31 31 32 1
0 121 120 122 32 31 32 1
0 121 122 123 32 32 33 1
0 123 122 124 33 32 33 1
0 123 124 125 33 33 34 1
0 125 124 126 34 33 34 1
0 125 126 127 34 34 35 1
0 127 126 128 35 34 35 1
0 127 128 129 35 35 36 1
0 129 128 130 36 35 36 1
0 129 130 131 36 36 37 1
0 131 130 132 37 36 37 1
0 131 132 133 37 37 38 1
0 133 132 134 38 37 38 1
0 133 134 59 38 38 1 1
0 59 134 60 1 38 1 1
0 63 97 61 39 39 39 1
0 61 97 99 39 39 39 1
0 61 99 59 39 39 39 1
0 59 99 101 39 39 39 1
0 59 101 133 39 39 39 1
0 133 101 103 39 39 39 1
0 133 103 131 39 39 39 1
0 131 103 105 39 39 39 1
0 131 105 129 39 39 39 1
0 129 105 107 39 39 39 1
0 129 107 127 39 39 39 1
0 127 107 109 39 39 39 1
0 127 109 125 39 39 39 1
0 125 109 111 39 39 39 1
0 125 111 123 39 39 39 1
0 123 111 113 39 39 39 1
0 123 113 121 39 39 39 1
0 121 113 115 39 39 39 1
0 121 115 119 39 39 39 1
0 119 115 117 39 39 39 1
0 97 63 95 39 39 39 1
0 95 63 65 39 39 39 1
0 95 65 93 39 39 39 1
0 93 65 67 39 39 39 1
0 93 67 91 39 39 39 1
0 91 67 69 39 39 39 1
0 91 69 89 39 39 39 1
0 89 69 71 39 39 39 1
0 89 71 87 39 39 39 1
0 87 71 73 39 39 39 1
0 87 73 85 39 39 39 1
0 85 73 75 39 39 39 1
0 85 75 83 39 39 39 1
0 83 75 77 39 39 39 1
0 83 77 81 39 39 39 1
0 81 77 79 39 39 39 1
0 135 136 137 40 41 21 1
0 137 136 138 21 41 21 1
0 137 138 139 21 21 42 1
0 136 135 140 41 40 43 1
0 140 135 141 43 40 44 1
0 140 141 142 43 44 45 1
0 142 141 143 45 44 46 1
0 142 143 144 45 46 47 1
0 144 143 145 47 46 48 1
0 144 145 146 47 48 49 1
0 146 145 147 49 48 50 1
0 147 145 148 50 48 51 1
0 147 148 149 50 51 52 1
0 149 148 150 52 51 53 1
0 149 150 151 52 53 54 1
0 151 150 152 54 53 55 1
0 151 152 153 54 55 56 1
0 153 152 154 56 55 57 1
0 153 154 155 56 57 58 1
0 155 154 156 58 57 59 1
0 155 156 157 58 59 60 1
0 157 156 158 60 59 61 1
0 158 156 159 61 59 62 1
0 158 159 160 61 62 63 1
0 160 159 161 63 62 64 1
0 160 161 162 63 64 65 1
0 162 161 163 65 64 66 1
0 162 163 164 65 66 67 1
0 164 163 165 67 66 68 1
0 164 165 166 67 68 68 1
0 166 165 167 68 68 69 1
0 167 165 168 69 68 70 1
0 167 168 169 69 70 71 1
0 169 168 170 71 70 72 1
0 169 170 171 71 72 73 1
0 171 170 172 73 72 74 1
0 171 172 173 73 74 75 1
0 173 172 174 75 74 76 1
0 173 174 175 75 76 77 1
0 175 174 176 77 76 78 1
0 176 174 177 78 76 79 1
0 176 177 178 78 79 80 1
0 178 177 179 80 79 81 1
0 178 179 180 80 81 82 1
0 180 179 181 82 81 83 1
0 180 181 182 82 83 84 1
0 182 181 183 84 83 85 1
0 182 183 184 84 85 86 1
0 184 183 185 86 85 87 1
0 184 185 186 86 87 88 1
0 186 185 187 88 87 89 1
0 187 185 188 89 87 90 1
0 187 188 189 89 90 91 1
0 189 188 190 91 90 92 1
0 189 190 191 91 92 93 1
0 191 190 192 93 92 94 1
0 191 192 193 93 94 95 1
0 193 192 194 95 94 2 1
0 193 194 195 95 2 2 1
0 195 194 196 2 2 96 1
0 196 194 197 96 2 97 1
0 196 197 198 96 97 98 1
0 198 197 199 98 97 99 1
0 198 199 200 98 99 100 1
0 200 199 201 100 99 101 1
0 200 201 202 100 101 102 1
0 202 201 203 102 101 103 1
0 202 203 204 102 103 104 1
0 204 203 205 104 103 105 1
0 205 203 206 105 103 106 1
0 205 206 207 105 106 107 1
0 207 206 208 107 106 108 1
0 207 208 209 107 108 109 1
0 209 208 210 109 108 110 1
0 209 210 211 109 110 111 1
0 211 210 212 111 110 112 1
0 211 212 213 111 112 113 1
0 213 212 214 113 112 114 1
0 213 214 215 113 114 115 1
0 215 214 216 115 114 116 1
0 216 214 217 116 114 117 1
0 216 217 218 116 117 118 1
0 218 217 219 118 117 119 1
0 218 219 220 118 119 120 1
0 220 219 221 120 119 121 1
0 220 221 222 120 121 122 1
0 222 221 223 122 121 123 1
0 222 223 224 122 123 123 1
0 224 223 225 123 123 124 1
0 225 223 226 124 123 125 1
0 225 226 227 124 125 126 1
0 227 226 228 126 125 127 1
0 227 228 229 126 127 128 1
0 229 228 230 128 127 129 1
0 229 230 231 128 129 130 1
0 231 230 232 130 129 131 1
0 231 232 233 130 131 132 1
0 233 232 234 132 131 133 1
0 234 232 235 133 131 134 1
0 234 235 236 133 134 135 1
0 236 235 237 135 134 136 1
0 236 237 238 135 136 137 1
0 238 237 239 137 136 138 1
0 238 239 240 137 138 139 1
0 240 239 241 139 138 140 1
0 240 241 242 139 140 141 1
0 242 241 243 141 140 142 1
0 242 243 244 141 142 143 1
0 244 243 245 143 142 144 1
0 245 243 246 144 142 145 1
0 245 246 247 144 145 146 1
0 247 246 248 146 145 147 1
0 247 248 249 146 147 148 1
0 249 248 250 148 147 149 1
0 249 250 139 148 149 42 1
0 139 250 137 42 149 21 1
0 60 135 62 39 39 39 1
0 62 135 137 39 39 39 1
0 62 137 250 39 39 39 1
0 135 60 141 39 39 39 1
0 141 60 134 39 39 39 1
0 141 134 143 39 39 39 1
0 143 134 132 39 39 39 1
0 143 132 145 39 39 39 1
0 145 132 148 39 39 39 1
0 148 132 130 39 39 39 1
0 148 130 150 39 39 39 1
0 150 130 128 39 39 39 1
0 150 128 152 39 39 39 1
0 152 128 154 39 39 39 1
0 154 128 126 39 39 39 1
0 154 126 156 39 39 39 1
0 156 126 124 39 39 39 1
0 156 124 159 39 39 39 1
0 159 124 122 39 39 39 1
0 159 122 161 39 39 39 1
0 161 122 163 39 39 39 1
0 163 122 120 39 39 39 1
0 163 120 165 39 39 39 1
0 165 120 118 39 39 39 1
0 165 118 168 39 39 39 1
0 168 118 116 39 39 39 1
0 168 116 170 39 39 39 1
0 170 116 172 39 39 39 1
0 172 116 114 39 39 39 1
0 172 114 174 39 39 39 1
0 174 114 112 39 39 39 1
0 174 112 177 39 39 39 1
0 177 112 110 39 39 39 1
0 177 110 179 39 39 39 1
0 179 110 181 39 39 39 1
0 181 110 108 39 39 39 1
0 181 108 183 39 39 39 1
0 183 108 106 39 39 39 1
0 183 106 185 39 39 39 1
0 185 106 188 39 39 39 1
0 188 106 104 39 39 39 1
0 188 104 190 39 39 39 1
0 190 104 102 39 39 39 1
0 190 102 192 39 39 39 1
0 192 102 100 39 39 39 1
0 192 100 194 39 39 39 1
0 194 100 197 39 39 39 1
0 197 100 98 39 39 39 1
0 197 98 199 39 39 39 1
0 199 98 96 39 39 39 1
0 199 96 201 39 39 39 1
0 201 96 94 39 39 39 1
0 201 94 203 39 39 39 1
0 203 94 206 39 39 39 1
0 206 94 92 39 39 39 1
0 206 92 208 39 39 39 1
0 208 92 90 39 39 39 1
0 208 90 210 39 39 39 1
0 210 90 212 39 39 39 1
0 212 90 88 39 39 39 1
0 212 88 214 39 39 39 1
0 214 88 86 39 39 39 1
0 214 86 217 39 39 39 1
0 217 86 84 39 39 39 1
0 217 84 219 39 39 39 1
0 219 84 221 39 39 39 1
0 221 84 82 39 39 39 1
0 221 82 223 39 39 39 1
0 223 82 80 39 39 39 1
0 223 80 226 39 39 39 1
0 226 80 78 39 39 39 1
0 226 78 228 39 39 39 1
0 228 78 230 39 39 39 1
0 230 78 76 39 39 39 1
0 230 76 232 39 39 39 1
0 232 76 74 39 39 39 1
0 232 74 235 39 39 39 1
0 235 74 72 39 39 39 1
0 235 72 237 39 39 39 1
0 237 72 239 39 39 39 1
0 239 72 70 39 39 39 1
0 239 70 241 39 39 39 1
0 241 70 68 39 39 39 1
0 241 68 243 39 39 39 1
0 243 68 246 39 39 39 1
0 246 68 66 39 39 39 1
0 246 66 248 39 39 39 1
0 248 66 64 39 39 39 1
0 248 64 250 39 39 39 1
0 250 64 62 39 39 39 1
0 251 193 252 150 151 152 1
0 252 193 253 152 151 152 1
0 252 253 196 152 152 153 1
0 193 251 191 151 150 154 1
0 191 251 254 154 150 155 1
0 191 254 255 154 155 156 1
0 255 254 256 156 155 157 1
0 255 256 257 156 157 158 1
0 257 256 258 158 157 159 1
0 257 258 186 158 159 160 1
0 186 258 259 160 159 161 1
0 186 259 260 160 161 162 1
0 260 259 261 162 161 163 1
0 260 261 182 162 163 164 1
0 182 261 262 164 163 165 1
0 182 262 180 164 165 166 1
0 180 262 263 166 165 167 1
0 180 263 178 166 167 168 1
0 178 263 264 168 167 169 1
0 178 264 265 168 169 170 1
0 265 264 266 170 169 171 1
0 265 266 175 170 171 172 1
0 175 266 267 172 171 173 1
0 175 267 268 172 173 174 1
0 268 267 269 174 173 175 1
0 268 269 270 174 175 176 1
0 270 269 169 176 175 177 1
0 169 269 271 177 175 178 1
0 169 271 167 177 178 179 1
0 167 271 272 179 178 180 1
0 167 272 273 179 180 181 1
0 273 272 274 181 180 182 1
0 273 274 164 181 182 183 1
0 164 274 275 183 182 184 1
0 164 275 162 183 184 185 1
0 162 275 276 185 184 186 1
0 162 276 277 185 186 187 1
0 277 276 278 187 186 188 1
0 277 278 279 187 188 189 1
0 279 278 280 189 188 190 1
0 279 280 157 189 190 191 1
0 157 280 281 191 190 192 1
0 157 281 282 191 192 193 1
0 282 281 283 193 192 194 1
0 282 283 153 193 194 195 1
0 153 283 284 195 194 196 1
0 153 284 151 195 196 197 1
0 151 284 285 197 196 198 1
0 151 285 149 197 198 199 1
0 149 285 286 199 198 200 1
0 149 286 287 199 200 201 1
0 287 286 146 201 200 202 1
0 146 286 288 202 200 203 1
0 146 288 289 202 203 204 1
0 289 288 290 204 203 205 1
0 289 290 291 204 205 206 1
0 291 290 292 206 205 207 1
0 291 292 140 206 207 208 1
0 140 292 293 208 207 209 1
0 140 293 136 208 209 210 1
0 136 293 294 210 209 211 1
0 136 294 295 210 211 212 1
0 295 294 296 212 211 213 1
0 295 296 139 212 213 214 1
0 139 296 297 214 213 215 1
0 139 297 249 214 215 216 1
0 249 297 298 216 215 217 1
0 249 298 299 216 217 218 1
0 299 298 300 218 217 219 1
0 299 300 301 218 219 220 1
0 301 300 302 220 219 221 1
0 301 302 244 220 221 222 1
0 244 302 303 222 221 223 1
0 244 303 304 222 223 224 1
0 304 303 240 224 223 225 1
0 240 303 305 225 223 226 1
0 240 305 238 225 226 227 1
0 238 305 306 227 226 228 1
0 238 306 236 227 228 229 1
0 236 306 307 229 228 230 1
0 236 307 308 229 230 231 1
0 308 307 309 231 230 232 1
0 308 309 233 231 232 233 1
0 233 309 310 233 232 234 1
0 233 310 311 233 234 235 1
0 311 310 312 235 234 236 1
0 311 312 313 235 236 237 1
0 313 312 314 237 236 238 1
0 313 314 227 237 238 239 1
0 227 314 315 239 238 240 1
0 227 315 225 239 240 241 1
0 225 315 316 241 240 242 1
0 225 316 317 241 242 243 1
0 317 316 318 243 242 244 1
0 317 318 222 243 244 245 1
0 222 318 319 245 244 246 1
0 222 319 220 245 246 247 1
0 220 319 320 247 246 248 1
0 220 320 321 247 248 249 1
0 321 320 322 249 248 250 1
0 322 320 323 250 248 251 1
0 322 323 215 250 251 252 1
0 215 323 324 252 251 253 1
0 215 324 325 252 253 254 1
0 325 324 326 254 253 255 1
0 325 326 211 254 255 256 1
0 211 326 327 256 255 257 1
0 211 327 209 256 257 258 1
0 209 327 328 258 257 259 1
0 209 328 207 258 259 260 1
0 207 328 329 260 259 261 1
0 207 329 330 260 261 262 1
0 330 329 331 262 261 263 1
0 330 331 204 262 263 264 1
0 204 331 332 264 263 265 1
0 204 332 333 264 265 266 1
0 333 332 334 266 265 267 1
0 333 334 335 266 267 268 1
0 335 334 336 268 267 269 1
0 335 336 198 268 269 270 1
0 198 336 337 270 269 271 1
0 198 337 196 270 271 153 1
0 196 337 252 153 271 152 1
0 2 251 0 272 272 21 1
0 0 251 252 21 272 21 1
0 0 252 1 21 21 273 1
0 1 252 337 273 21 273 1
0 1 337 3 273 273 274 1
0 3 337 336 274 273 274 1
0 3 336 4 274 274 275 1
0 4 336 334 275 274 275 1
0 4 334 5 275 275 276 1
0 5 334 332 276 275 276 1
0 5 332 6 276 276 277 1
0 6 332 331 277 276 277 1
0 6 331 7 277 277 278 1
0 7 331 329 278 277 278 1
0 7 329 8 278 278 279 1
0 8 329 328 279 278 279 1
0 8 328 9 279 279 280 1
0 9 328 327 280 279 280 1
0 9 327 10 280 280 281 1
0 10 327 326 281 280 281 1
0 10 326 11 281 281 282 1
0 11 326 324 282 281 282 1
0 11 324 12 282 282 283 1
0 12 324 323 283 282 283 1
0 12 323 13 283 283 284 1
0 13 323 320 284 283 284 1
0 13 320 14 284 284 285 1
0 14 320 319 285 284 285 1
0 14 319 15 285 285 286 1
0 15 319 318 286 285 286 1
0 15 318 16 286 286 287 1
0 16 318 316 287 286 287 1
0 16 316 17 287 287 288 1
0 17 316 315 288 287 288 1
0 17 315 18 288 288 289 1
0 18 315 314 289 288 289 1
0 18 314 19 289 289 290 1
0 19 314 312 290 289 290 1
0 19 312 20 290 290 291 1
0 20 312 310 291 290 291 1
0 20 310 21 291 291 292 1
0 21 310 309 292 291 292 1
0 21 309 22 292 292 293 1
0 22 309 307 293 292 293 1
0 22 307 23 293 293 294 1
0 23 307 306 294 293 294 1
0 23 306 24 294 294 295 1
0 24 306 305 295 294 295 1
0 24 305 25 295 295 296 1
0 25 305 303 296 295 296 1
0 25 303 26 296 296 297 1
0 26 303 302 297 296 297 1
0 26 302 27 297 297 298 1
0 27 302 300 298 297 298 1
0 27 300 28 298 298 299 1
0 28 300 298 299 298 299 1
0 28 298 29 299 299 300 1
0 29 298 297 300 299 300 1
0 29 297 30 300 300 301 1
0 30 297 296 301 300 301 1
0 30 296 31 301 301 302 1
0 31 296 294 302 301 302 1
0 31 294 32 302 302 303 1
0 32 294 293 303 302 303 1
0 32 293 34 303 303 304 1
0 34 293 292 304 303 304 1
0 34 292 36 304 304 305 1
0 36 292 290 305 304 305 1
0 36 290 38 305 305 306 1
0 38 290 288 306 305 306 1
0 38 288 40 306 306 307 1
0 40 288 286 307 306 307 1
0 40 286 42 307 307 308 1
0 42 286 285 308 307 308 1
0 42 285 44 308 308 309 1
0 44 285 284 309 308 309 1
0 44 284 46 309 309 310 1
0 46 284 283 310 309 310 1
0 46 283 48 310 310 311 1
0 48 283 281 311 310 311 1
0 48 281 50 311 311 312 1
0 50 281 280 312 311 312 1
0 50 280 52 312 312 313 1
0 52 280 278 313 312 313 1
0 52 278 54 313 313 314 1
0 54 278 276 314 313 314 1
0 54 276 56 314 314 315 1
0 56 276 275 315 314 315 1
0 56 275 58 315 315 316 1
0 58 275 274 316 315 316 1
0 58 274 57 316 316 317 1
0 57 274 272 317 316 317 1
0 57 272 55 317 317 318 1
0 55 272 271 318 317 318 1
0 55 271 53 318 318 319 1
0 53 271 269 319 318 319 1
0 53 269 51 319 319 320 1
0 51 269 267 320 319 320 1
0 51 267 49 320 320 321 1
0 49 267 266 321 320 321 1
0 49 266 47 321 321 322 1
0 47 266 264 322 321 322 1
0 47 264 45 322 322 323 1
0 45 264 263 323 322 323 1
0 45 263 43 323 323 324 1
0 43 263 262 324 323 324 1
0 43 262 41 324 324 325 1
0 41 262 261 325 324 325 1
0 41 261 39 325 325 326 1
0 39 261 259 326 325 326 1
0 39 259 37 326 326 327 1
0 37 259 258 327 326 327 1
0 37 258 35 327 327 328 1
0 35 258 256 328 327 328 1
0 35 256 33 328 328 329 1
0 33 256 254 329 328 329 1
0 33 254 2 329 329 272 1
0 2 254 251 272 329 272 1
0 136 136 138 39 39 39 1
0 138 136 295 39 39 39 1
0 138 295 139 39 39 39 1
0 139 295 139 39 39 39 1
0 139 139 249 39 39 39 1
0 249 139 249 39 39 39 1
0 249 249 247 39 39 39 1
0 247 249 299 39 39 39 1
0 247 299 245 39 39 39 1
0 245 299 301 39 39 39 1
0 245 301 244 39 39 39 1
0 244 301 244 39 39 39 1
0 244 244 242 39 39 39 1
0 242 244 304 39 39 39 1
0 242 304 240 39 39 39 1
0 240 304 240 39 39 39 1
0 240 240 238 39 39 39 1
0 238 240 238 39 39 39 1
0 238 238 236 39 39 39 1
0 236 238 236 39 39 39 1
0 236 236 234 39 39 39 1
0 234 236 308 39 39 39 1
0 234 308 233 39 39 39 1
0 233 308 233 39 39 39 1
0 233 233 231 39 39 39 1
0 231 233 311 39 39 39 1
0 231 311 229 39 39 39 1
0 229 311 313 39 39 39 1
0 229 313 227 39 39 39 1
0 227 313 227 39 39 39 1
0 227 227 225 39 39 39 1
0 225 227 225 39 39 39 1
0 225 225 224 39 39 39 1
0 224 225 317 39 39 39 1
0 224 317 222 39 39 39 1
0 136 140 136 39 39 39 1
0 136 140 140 39 39 39 1
0 140 140 142 39 39 39 1
0 140 142 291 39 39 39 1
0 291 142 144 39 39 39 1
0 291 144 289 39 39 39 1
0 289 144 146 39 39 39 1
0 289 146 146 39 39 39 1
0 146 146 147 39 39 39 1
0 146 147 287 39 39 39 1
0 287 147 149 39 39 39 1
0 287 149 149 39 39 39 1
0 149 149 151 39 39 39 1
0 149 151 151 39 39 39 1
0 151 151 153 39 39 39 1
0 151 153 153 39 39 39 1
0 153 153 155 39 39 39 1
0 153 155 282 39 39 39 1
0 282 155 157 39 39 39 1
0 282 157 157 39 39 39 1
0 157 157 158 39 39 39 1
0 157 158 279 39 39 39 1
0 279 158 160 39 39 39 1
0 279 160 277 39 39 39 1
0 277 160 162 39 39 39 1
0 277 162 162 39 39 39 1
0 162 162 164 39 39 39 1
0 162 164 164 39 39 39 1
0 164 164 166 39 39 39 1
0 164 166 273 39 39 39 1
0 273 166 167 39 39 39 1
0 167 166 167 39 39 39 1
0 167 167 169 39 39 39 1
0 169 167 169 39 39 39 1
0 169 169 270 39 39 39 1
0 270 169 171 39 39 39 1
0 270 171 268 39 39 39 1
0 268 171 173 39 39 39 1
0 268 173 175 39 39 39 1
0 175 173 175 39 39 39 1
0 175 175 265 39 39 39 1
0 265 175 176 39 39 39 1
0 265 176 178 39 39 39 1
0 178 176 178 39 39 39 1
0 178 178 180 39 39 39 1
0 180 178 180 39 39 39 1
0 180 180 182 39 39 39 1
0 182 180 182 39 39 39 1
0 182 182 260 39 39 39 1
0 260 182 184 39 39 39 1
0 260 184 186 39 39 39 1
0 186 184 186 39 39 39 1
0 186 186 257 39 39 39 1
0 257 186 187 39 39 39 1
0 257 187 255 39 39 39 1
0 255 187 189 39 39 39 1
0 255 189 191 39 39 39 1
0 191 189 191 39 39 39 1
0 191 191 193 39 39 39 1
0 193 191 193 39 39 39 1
0 193 193 253 39 39 39 1
0 253 193 195 39 39 39 1
0 253 195 196 39 39 39 1
0 253 196 196 39 39 39 1
0 196 196 198 39 39 39 1
0 196 198 198 39 39 39 1
0 198 198 200 39 39 39 1
0 198 200 335 39 39 39 1
0 335 200 202 39 39 39 1
0 335 202 333 39 39 39 1
0 333 202 204 39 39 39 1
0 333 204 204 39 39 39 1
0 204 204 205 39 39 39 1
0 204 205 330 39 39 39 1
0 330 205 207 39 39 39 1
0 330 207 207 39 39 39 1
0 207 207 209 39 39 39 1
0 207 209 209 39 39 39 1
0 209 209 211 39 39 39 1
0 209 211 211 39 39 39 1
0 211 211 213 39 39 39 1
0 211 213 325 39 39 39 1
0 325 213 215 39 39 39 1
0 325 215 215 39 39 39 1
0 215 215 216 39 39 39 1
0 215 216 322 39 39 39 1
0 322 216 218 39 39 39 1
0 322 218 321 39 39 39 1
0 321 218 220 39 39 39 1
0 321 220 220 39 39 39 1
0 220 220 222 39 39 39 1
0 220 222 222 39 39 39 1
0 222 222 224 39 39 39 1

Materials: 2
"191,191,191"
1.000000 1.000000 1.000000 1.000000
1.000000 1.000000 1.000000 1.000000
1.000000 1.000000 1.000000 1.000000
0.000000 0.000000 0.000000 1.000000
0.000000
1.000000
"ghdrumblue.png"
""
"6D7BB711712E1FE49B38A8E26B62F6C"
0.200000 0.200000 0.200000 1.000000
1.000000 1.000000 1.000000 1.000000
0.000000 0.000000 0.000000 1.000000
0.000000 0.000000 0.000000 1.000000
0.000000
1.000000
"ghdrumblue.png"
""

Bones: 0
GroupComments: 0
MaterialComments: 0
BoneComments: 0
ModelComment: 0
