// MilkShape 3D ASCII

Frames: 30
Frame: 1

Meshes: 1
"Solid1" 1 0
95
1 29.042477 0.001434 0.001054 0.964494 0.499479 -1
1 26.555006 0.001451 11.703934 0.924247 0.685966 -1
1 26.555006 0.001433 -11.701848 0.924247 0.312992 -1
1 19.522573 0.001453 21.383326 0.810462 0.840208 -1
1 19.522573 0.001413 -21.381191 0.810462 0.158751 -1
1 9.161198 0.001433 27.365551 0.642814 0.935536 -1
1 9.161198 0.001392 -27.363424 0.642814 0.063423 -1
1 -2.737552 0.001407 28.616161 0.450292 0.955464 -1
1 -2.737552 0.001450 -28.614000 0.450292 0.043495 -1
1 -14.116251 0.001443 24.918934 0.266184 0.896549 -1
1 -14.116251 0.001409 -24.916838 0.266184 0.102410 -1
1 -23.007444 0.001425 16.913221 0.122324 0.768977 -1
1 -23.007444 0.001431 -16.911081 0.122324 0.229982 -1
1 -27.873800 0.001427 5.983235 0.043586 0.594806 -1
1 -27.873800 0.001436 -5.981128 0.043586 0.404152 -1
1 -9.361641 14.283455 -6.996792 0.343114 0.387968 -1
1 -9.361641 10.316214 -6.996806 0.343114 0.387968 -1
1 -11.635372 14.283448 0.001047 0.306325 0.499479 -1
1 -11.635372 10.316229 0.001050 0.306325 0.499479 -1
1 -9.361641 14.283462 6.998894 0.343114 0.610991 -1
1 -9.361641 10.316224 6.998899 0.343114 0.610991 -1
1 -3.408957 14.283455 11.323801 0.439429 0.679909 -1
1 -3.408957 10.316242 11.323806 0.439429 0.679909 -1
1 3.948963 14.283455 11.323801 0.558480 0.679909 -1
1 3.948963 10.316242 11.323806 0.558480 0.679909 -1
1 9.901653 14.283462 6.998894 0.654795 0.610991 -1
1 9.901653 10.316224 6.998899 0.654795 0.610991 -1
1 12.175383 14.283448 0.001047 0.691584 0.499479 -1
1 12.175383 10.316229 0.001050 0.691584 0.499479 -1
1 9.901653 14.283455 -6.996792 0.654795 0.387968 -1
1 9.901653 10.316214 -6.996806 0.654795 0.387968 -1
1 3.948963 14.283455 -11.321720 0.558480 0.319050 -1
1 3.948963 10.316229 -11.321713 0.558480 0.319050 -1
1 -3.408957 14.283455 -11.321720 0.439429 0.319050 -1
1 -3.408957 10.316229 -11.321713 0.439429 0.319050 -1
1 -18.871830 10.316231 -10.045422 0.189239 0.339387 -1
1 -19.702465 12.696554 -8.271876 0.175799 0.367649 -1
1 -21.348043 10.316229 0.001050 0.149173 0.499479 -1
1 -21.348043 12.696566 0.001052 0.149173 0.499479 -1
1 -19.702465 12.696573 8.273960 0.175799 0.631309 -1
1 -15.016266 12.696561 -15.285311 0.251622 0.255889 -1
1 -12.010447 10.316219 -17.790396 0.300256 0.215970 -1
1 -8.002861 12.696575 -19.971588 0.365099 0.181213 -1
1 -2.335770 10.316238 -21.459566 0.456793 0.157502 -1
1 0.269999 12.696570 -21.617144 0.498954 0.154991 -1
1 7.935873 10.316225 -20.212305 0.622988 0.177377 -1
1 8.542870 12.696575 -19.971588 0.632810 0.181213 -1
1 15.556278 12.696561 -15.285311 0.746287 0.255889 -1
1 16.451357 10.316217 -14.334483 0.760769 0.271041 -1
1 20.242477 12.696554 -8.271876 0.822110 0.367649 -1
1 21.259874 10.316228 -5.172532 0.838571 0.417038 -1
1 21.888056 12.696566 0.001052 0.848735 0.499479 -1
1 21.259874 10.316226 5.174637 0.838571 0.581921 -1
1 20.242477 12.696573 8.273960 0.822110 0.631309 -1
1 16.451357 10.316237 14.336546 0.760769 0.727917 -1
1 15.556278 12.696564 15.287430 0.746287 0.743069 -1
1 7.935873 10.316225 20.214384 0.622988 0.821581 -1
1 8.542870 12.696570 19.973684 0.632810 0.817745 -1
1 0.269999 12.696576 21.619249 0.498954 0.843968 -1
1 -2.335770 10.316237 21.461630 0.456793 0.841456 -1
1 -8.002861 12.696570 19.973684 0.365099 0.817745 -1
1 -12.010447 10.316217 17.792501 0.300256 0.782988 -1
1 -15.016266 12.696564 15.287430 0.251622 0.743069 -1
1 -18.871830 10.316233 10.047529 0.189239 0.659571 -1
1 26.555006 4.762107 -11.701860 0.924247 0.312992 -1
1 20.701372 12.696550 -8.461980 0.829534 0.364620 -1
1 29.042477 4.762098 0.001061 0.964494 0.499479 -1
1 22.384766 12.696566 0.001052 0.856772 0.499479 -1
1 20.701372 12.696565 8.464076 0.829534 0.634338 -1
1 15.907501 12.696557 -15.636517 0.751970 0.250293 -1
1 19.522573 4.762091 -21.381247 0.810462 0.158750 -1
1 8.732964 12.696556 -20.430372 0.635885 0.173902 -1
1 9.161198 4.762101 -27.363409 0.642814 0.063423 -1
1 0.269999 12.696524 -22.113829 0.498954 0.147076 -1
1 -2.737552 4.762081 -28.614037 0.450292 0.043494 -1
1 -8.192953 12.696556 -20.430372 0.362023 0.173902 -1
1 -14.116251 4.762105 -24.916838 0.266184 0.102410 -1
1 -15.367491 12.696557 -15.636517 0.245939 0.250293 -1
1 -23.007444 4.762112 -16.911095 0.122324 0.229982 -1
1 -20.161360 12.696550 -8.461980 0.168374 0.364620 -1
1 -27.873800 4.762110 -5.981138 0.043586 0.404152 -1
1 -21.844753 12.696566 0.001052 0.141137 0.499479 -1
1 -27.873800 4.762115 5.983224 0.043586 0.594806 -1
1 -20.161360 12.696565 8.464076 0.168374 0.634338 -1
1 -23.007444 4.762140 16.913210 0.122324 0.768976 -1
1 -15.367491 12.696568 15.638638 0.245939 0.748666 -1
1 -14.116251 4.762109 24.918962 0.266184 0.896549 -1
1 -8.192953 12.696561 20.432537 0.362023 0.825057 -1
1 -2.737552 4.762066 28.616137 0.450292 0.955464 -1
1 0.269999 12.696579 22.115932 0.498954 0.851882 -1
1 9.161198 4.762098 27.365499 0.642814 0.935535 -1
1 8.732964 12.696561 20.432537 0.635885 0.825057 -1
1 19.522573 4.762137 21.383326 0.810462 0.840208 -1
1 15.907501 12.696568 15.638638 0.751970 0.748666 -1
1 26.555006 4.762109 11.703960 0.924247 0.685966 -1
78
0.000000 0.000000 0.100000
-0.080902 -0.058779 0.000000
-0.100000 0.000000 0.000000
-0.080902 0.058779 0.000000
-0.030902 0.095106 0.000000
0.030902 0.095106 0.000000
0.080902 0.058779 0.000000
0.100000 0.000000 0.000000
0.080902 -0.058779 0.000000
0.030902 -0.095106 0.000000
-0.030902 -0.095106 0.000000
0.000000 0.000000 -0.100000
0.088546 0.046472 0.000000
0.092388 0.038268 0.000000
0.092388 -0.038268 0.000000
0.070711 0.070711 0.000000
0.056806 0.082298 0.000000
0.038268 0.092388 0.000000
0.012054 0.099271 0.000000
0.000000 0.100000 0.000000
-0.035460 0.093502 0.000000
-0.038268 0.092388 0.000000
-0.070711 0.070711 0.000000
-0.074851 0.066312 0.000000
-0.092388 0.038268 0.000000
-0.097094 0.023932 0.000000
-0.097094 -0.023932 0.000000
-0.092388 -0.038268 0.000000
-0.074851 -0.066312 0.000000
-0.070711 -0.070711 0.000000
-0.035460 -0.093502 0.000000
-0.038268 -0.092388 0.000000
0.000000 -0.100000 0.000000
0.012054 -0.099271 0.000000
0.038268 -0.092388 0.000000
0.056806 -0.082298 0.000000
0.070711 -0.070711 0.000000
0.088546 -0.046472 0.000000
0.069982 -0.031158 -0.064279
0.070773 -0.029315 -0.064279
0.076604 0.000000 -0.064279
0.070773 0.029315 -0.064279
0.054168 -0.054168 -0.064279
0.051258 -0.056928 -0.064279
0.029315 -0.070773 -0.064279
0.023672 -0.072855 -0.064279
0.000000 -0.076604 -0.064279
-0.008007 -0.076185 -0.064279
-0.029315 -0.070773 -0.064279
-0.038302 -0.066341 -0.064279
-0.054168 -0.054168 -0.064279
-0.061974 -0.045027 -0.064279
-0.070773 -0.029315 -0.064279
-0.074930 -0.015927 -0.064279
-0.076604 0.000000 -0.064279
-0.074930 0.015927 -0.064279
-0.070773 0.029315 -0.064279
-0.061974 0.045027 -0.064279
-0.054168 0.054168 -0.064279
-0.038302 0.066341 -0.064279
-0.029315 0.070773 -0.064279
-0.008007 0.076185 -0.064279
0.000000 0.076604 -0.064279
0.023672 0.072855 -0.064279
0.029315 0.070773 -0.064279
0.051258 0.056928 -0.064279
0.054168 0.054168 -0.064279
0.069982 0.031158 -0.064279
0.091355 -0.040674 0.000000
0.091355 0.040674 0.000000
0.066913 0.074314 0.000000
-0.010453 0.099452 0.000000
-0.050000 0.086603 0.000000
-0.097815 0.020791 0.000000
-0.097815 -0.020791 0.000000
-0.050000 -0.086603 0.000000
-0.010453 -0.099452 0.000000
0.066913 -0.074314 0.000000
186
1 0 1 2 0 0 0 1
1 2 1 3 0 0 0 1
1 2 3 4 0 0 0 1
1 4 3 5 0 0 0 1
1 4 5 6 0 0 0 1
1 6 5 7 0 0 0 1
1 6 7 8 0 0 0 1
1 8 7 9 0 0 0 1
1 8 9 10 0 0 0 1
1 10 9 11 0 0 0 1
1 10 11 12 0 0 0 1
1 12 11 13 0 0 0 1
1 12 13 14 0 0 0 1
1 15 16 17 1 1 2 1
1 17 16 18 2 1 2 1
1 17 18 19 2 2 3 1
1 19 18 20 3 2 3 1
1 19 20 21 3 3 4 1
1 21 20 22 4 3 4 1
1 21 22 23 4 4 5 1
1 23 22 24 5 4 5 1
1 23 24 25 5 5 6 1
1 25 24 26 6 5 6 1
1 25 26 27 6 6 7 1
1 27 26 28 7 6 7 1
1 27 28 29 7 7 8 1
1 29 28 30 8 7 8 1
1 29 30 31 8 8 9 1
1 31 30 32 9 8 9 1
1 31 32 33 9 9 10 1
1 33 32 34 10 9 10 1
1 33 34 15 10 10 1 1
1 15 34 16 1 10 1 1
1 19 25 17 11 11 11 1
1 17 25 27 11 11 11 1
1 17 27 15 11 11 11 1
1 15 27 29 11 11 11 1
1 15 29 33 11 11 11 1
1 33 29 31 11 11 11 1
1 21 23 19 11 11 11 1
1 19 23 25 11 11 11 1
1 35 36 37 12 13 7 1
1 37 36 38 7 13 7 1
1 37 38 39 7 7 14 1
1 36 35 40 13 12 15 1
1 40 35 41 15 12 16 1
1 40 41 42 15 16 17 1
1 42 41 43 17 16 18 1
1 42 43 44 17 18 19 1
1 44 43 45 19 18 20 1
1 44 45 46 19 20 21 1
1 46 45 47 21 20 22 1
1 47 45 48 22 20 23 1
1 47 48 49 22 23 24 1
1 49 48 50 24 23 25 1
1 49 50 51 24 25 2 1
1 51 50 52 2 25 26 1
1 51 52 53 2 26 27 1
1 53 52 54 27 26 28 1
1 53 54 55 27 28 29 1
1 55 54 56 29 28 30 1
1 55 56 57 29 30 31 1
1 57 56 58 31 30 32 1
1 58 56 59 32 30 33 1
1 58 59 60 32 33 34 1
1 60 59 61 34 33 35 1
1 60 61 62 34 35 36 1
1 62 61 63 36 35 37 1
1 62 63 39 36 37 14 1
1 39 63 37 14 37 7 1
1 16 35 18 11 11 11 1
1 18 35 37 11 11 11 1
1 18 37 63 11 11 11 1
1 35 16 41 11 11 11 1
1 41 16 34 11 11 11 1
1 41 34 43 11 11 11 1
1 43 34 32 11 11 11 1
1 43 32 45 11 11 11 1
1 45 32 48 11 11 11 1
1 48 32 30 11 11 11 1
1 48 30 50 11 11 11 1
1 50 30 28 11 11 11 1
1 50 28 52 11 11 11 1
1 52 28 26 11 11 11 1
1 52 26 54 11 11 11 1
1 54 26 24 11 11 11 1
1 54 24 56 11 11 11 1
1 56 24 59 11 11 11 1
1 59 24 22 11 11 11 1
1 59 22 61 11 11 11 1
1 61 22 20 11 11 11 1
1 61 20 63 11 11 11 1
1 63 20 18 11 11 11 1
1 64 65 66 38 39 40 1
1 66 65 67 40 39 40 1
1 66 67 68 40 40 41 1
1 65 64 69 39 38 42 1
1 69 64 70 42 38 43 1
1 69 70 71 42 43 44 1
1 71 70 72 44 43 45 1
1 71 72 73 44 45 46 1
1 73 72 74 46 45 47 1
1 73 74 75 46 47 48 1
1 75 74 76 48 47 49 1
1 75 76 77 48 49 50 1
1 77 76 78 50 49 51 1
1 77 78 79 50 51 52 1
1 79 78 80 52 51 53 1
1 79 80 81 52 53 54 1
1 81 80 82 54 53 55 1
1 81 82 83 54 55 56 1
1 83 82 84 56 55 57 1
1 83 84 85 56 57 58 1
1 85 84 86 58 57 59 1
1 85 86 87 58 59 60 1
1 87 86 88 60 59 61 1
1 87 88 89 60 61 62 1
1 89 88 90 62 61 63 1
1 89 90 91 62 63 64 1
1 91 90 92 64 63 65 1
1 91 92 93 64 65 66 1
1 93 92 94 66 65 67 1
1 93 94 68 66 67 41 1
1 68 94 66 41 67 40 1
1 2 64 0 68 68 7 1
1 0 64 66 7 68 7 1
1 0 66 1 7 7 69 1
1 1 66 94 69 7 69 1
1 1 94 3 69 69 70 1
1 3 94 92 70 69 70 1
1 3 92 5 70 70 5 1
1 5 92 90 5 70 5 1
1 5 90 7 5 5 71 1
1 7 90 88 71 5 71 1
1 7 88 9 71 71 72 1
1 9 88 86 72 71 72 1
1 9 86 11 72 72 3 1
1 11 86 84 3 72 3 1
1 11 84 13 3 3 73 1
1 13 84 82 73 3 73 1
1 13 82 14 73 73 74 1
1 14 82 80 74 73 74 1
1 14 80 12 74 74 1 1
1 12 80 78 1 74 1 1
1 12 78 10 1 1 75 1
1 10 78 76 75 1 75 1
1 10 76 8 75 75 76 1
1 8 76 74 76 75 76 1
1 8 74 6 76 76 9 1
1 6 74 72 9 76 9 1
1 6 72 4 9 9 77 1
1 4 72 70 77 9 77 1
1 4 70 2 77 77 68 1
1 2 70 64 68 77 68 1
1 36 79 38 11 11 11 1
1 38 79 81 11 11 11 1
1 38 81 39 11 11 11 1
1 39 81 83 11 11 11 1
1 39 83 62 11 11 11 1
1 62 83 85 11 11 11 1
1 62 85 60 11 11 11 1
1 60 85 87 11 11 11 1
1 60 87 58 11 11 11 1
1 58 87 89 11 11 11 1
1 58 89 91 11 11 11 1
1 36 40 79 11 11 11 1
1 79 40 77 11 11 11 1
1 77 40 42 11 11 11 1
1 77 42 75 11 11 11 1
1 75 42 44 11 11 11 1
1 75 44 73 11 11 11 1
1 73 44 71 11 11 11 1
1 71 44 46 11 11 11 1
1 71 46 69 11 11 11 1
1 69 46 47 11 11 11 1
1 69 47 65 11 11 11 1
1 65 47 49 11 11 11 1
1 65 49 67 11 11 11 1
1 67 49 51 11 11 11 1
1 67 51 53 11 11 11 1
1 67 53 68 11 11 11 1
1 68 53 55 11 11 11 1
1 68 55 93 11 11 11 1
1 93 55 57 11 11 11 1
1 93 57 91 11 11 11 1
1 91 57 58 11 11 11 1

Materials: 1
"191,191,191"
1.000000 1.000000 1.000000 1.000000
1.000000 1.000000 1.000000 1.000000
1.000000 1.000000 1.000000 1.000000
0.000000 0.000000 0.000000 1.000000
0.000000
1.000000
"ghdrumyellow.png"
""

Bones: 0
GroupComments: 0
MaterialComments: 0
BoneComments: 0
ModelComment: 0
