// MilkShape 3D ASCII

Frames: 30
Frame: 1

Meshes: 1
"Cylinder10" 1 0
144
1 60.099998 0.000003 -10.000000 0.963046 0.500822 -1
1 60.099998 0.000002 -0.000000 0.963046 0.500822 -1
1 59.585835 -7.844621 -0.000001 0.959091 0.561402 -1
1 59.585835 -7.844621 -10.000000 0.959091 0.561402 -1
1 60.099998 0.000002 10.000000 0.963046 0.500822 -1
1 59.585835 -7.844622 10.000000 0.959091 0.561402 -1
1 58.052139 -15.555021 -10.000001 0.947292 0.620945 -1
1 58.052139 -15.555021 -0.000001 0.947292 0.620945 -1
1 58.052139 -15.555021 9.999999 0.947292 0.620945 -1
1 55.525158 -22.999271 -0.000001 0.927851 0.678433 -1
1 55.525158 -22.999271 -10.000001 0.927851 0.678433 -1
1 55.525158 -22.999271 9.999999 0.927851 0.678433 -1
1 52.048126 -30.049997 -10.000001 0.901101 0.732882 -1
1 52.048126 -30.049997 -0.000002 0.901101 0.732882 -1
1 52.048126 -30.049997 9.999999 0.901101 0.732882 -1
1 47.680534 -36.586555 -0.000002 0.867501 0.783361 -1
1 47.680534 -36.586555 -10.000002 0.867501 0.783361 -1
1 47.680534 -36.586555 9.999998 0.867501 0.783361 -1
1 42.497116 -42.497116 -10.000002 0.827624 0.829005 -1
1 42.497116 -42.497116 -0.000002 0.827624 0.829005 -1
1 42.497116 -42.497116 9.999998 0.827624 0.829005 -1
1 36.586559 -47.680534 -0.000003 0.782152 0.869034 -1
1 36.586559 -47.680534 -10.000002 0.782152 0.869034 -1
1 36.586559 -47.680534 9.999998 0.782152 0.869034 -1
1 30.049999 -52.048126 -10.000002 0.731865 0.902762 -1
1 30.049999 -52.048126 -0.000003 0.731865 0.902762 -1
1 30.049999 -52.048126 9.999998 0.731865 0.902762 -1
1 22.999273 -55.525154 -0.000003 0.677622 0.929614 -1
1 22.999273 -55.525154 -10.000003 0.677622 0.929614 -1
1 22.999273 -55.525154 9.999997 0.677622 0.929614 -1
1 15.555024 -58.052139 -10.000003 0.620352 0.949128 -1
1 15.555024 -58.052139 -0.000003 0.620352 0.949128 -1
1 15.555024 -58.052139 9.999997 0.620352 0.949128 -1
1 7.844624 -59.585831 -0.000003 0.561034 0.960972 -1
1 7.844624 -59.585831 -10.000003 0.561034 0.960972 -1
1 7.844624 -59.585831 9.999997 0.561034 0.960972 -1
1 0.000000 -60.099998 -10.000003 0.500684 0.964943 -1
1 0.000000 -60.099998 -0.000003 0.500684 0.964943 -1
1 0.000000 -60.099998 9.999997 0.500684 0.964943 -1
1 -7.844624 -59.585831 -0.000003 0.440333 0.960972 -1
1 -7.844624 -59.585831 -10.000003 0.440333 0.960972 -1
1 -7.844624 -59.585831 9.999997 0.440333 0.960972 -1
1 -15.555024 -58.052139 -10.000003 0.381015 0.949128 -1
1 -15.555024 -58.052139 -0.000003 0.381015 0.949128 -1
1 -15.555024 -58.052139 9.999997 0.381015 0.949128 -1
1 -22.999273 -55.525154 -0.000003 0.323745 0.929614 -1
1 -22.999273 -55.525154 -10.000003 0.323745 0.929614 -1
1 -22.999273 -55.525154 9.999997 0.323745 0.929614 -1
1 -30.049999 -52.048126 -10.000002 0.269502 0.902762 -1
1 -30.049999 -52.048126 -0.000003 0.269502 0.902762 -1
1 -30.049999 -52.048126 9.999998 0.269502 0.902762 -1
1 -36.586559 -47.680534 -0.000003 0.219215 0.869034 -1
1 -36.586559 -47.680534 -10.000002 0.219215 0.869034 -1
1 -36.586559 -47.680534 9.999998 0.219215 0.869034 -1
1 -42.497116 -42.497116 -10.000002 0.173744 0.829005 -1
1 -42.497116 -42.497116 -0.000002 0.173744 0.829005 -1
1 -42.497116 -42.497116 9.999998 0.173744 0.829005 -1
1 -47.680534 -36.586555 -0.000002 0.133867 0.783361 -1
1 -47.680534 -36.586555 -10.000002 0.133867 0.783361 -1
1 -47.680534 -36.586555 9.999998 0.133867 0.783361 -1
1 -52.048126 -30.049997 -10.000001 0.100266 0.732882 -1
1 -52.048126 -30.049997 -0.000002 0.100266 0.732882 -1
1 -52.048126 -30.049997 9.999999 0.100266 0.732882 -1
1 -55.525158 -22.999271 -0.000001 0.073516 0.678433 -1
1 -55.525158 -22.999271 -10.000001 0.073516 0.678433 -1
1 -55.525158 -22.999271 9.999999 0.073516 0.678433 -1
1 -58.052139 -15.555021 -10.000001 0.054076 0.620945 -1
1 -58.052139 -15.555021 -0.000001 0.054076 0.620945 -1
1 -58.052139 -15.555021 9.999999 0.054076 0.620945 -1
1 -59.585835 -7.844621 -0.000001 0.042277 0.561402 -1
1 -59.585835 -7.844621 -10.000000 0.042277 0.561402 -1
1 -59.585835 -7.844622 10.000000 0.042277 0.561402 -1
1 -60.099998 0.000003 -10.000000 0.038321 0.500822 -1
1 -60.099998 0.000002 -0.000000 0.038321 0.500822 -1
1 -60.099998 0.000002 10.000000 0.038321 0.500822 -1
1 -59.585835 7.844626 -0.000000 0.042277 0.440242 -1
1 -59.585835 7.844626 -10.000000 0.042277 0.440242 -1
1 -59.585835 7.844625 10.000000 0.042277 0.440242 -1
1 -58.052139 15.555027 -9.999999 0.054076 0.380699 -1
1 -58.052139 15.555027 0.000000 0.054076 0.380699 -1
1 -58.052139 15.555027 10.000001 0.054076 0.380699 -1
1 -55.525158 22.999275 0.000001 0.073516 0.323210 -1
1 -55.525158 22.999275 -9.999999 0.073516 0.323210 -1
1 -55.525158 22.999275 10.000001 0.073516 0.323210 -1
1 -52.048126 30.050001 -9.999999 0.100266 0.268761 -1
1 -52.048126 30.050001 0.000001 0.100266 0.268761 -1
1 -52.048126 30.050001 10.000001 0.100266 0.268761 -1
1 -47.680534 36.586563 0.000001 0.133867 0.218283 -1
1 -47.680534 36.586563 -9.999998 0.133867 0.218283 -1
1 -47.680534 36.586563 10.000002 0.133867 0.218283 -1
1 -42.497116 42.497116 -9.999998 0.173744 0.172639 -1
1 -42.497116 42.497116 0.000001 0.173744 0.172639 -1
1 -42.497116 42.497116 10.000002 0.173744 0.172639 -1
1 -36.586559 47.680534 0.000002 0.219215 0.132610 -1
1 -36.586559 47.680534 -9.999998 0.219215 0.132610 -1
1 -36.586559 47.680534 10.000002 0.219215 0.132610 -1
1 -30.049999 52.048126 -9.999998 0.269502 0.098881 -1
1 -30.049999 52.048126 0.000002 0.269502 0.098881 -1
1 -30.049999 52.048126 10.000002 0.269502 0.098881 -1
1 -22.999273 55.525162 0.000002 0.323745 0.072030 -1
1 -22.999273 55.525162 -9.999997 0.323745 0.072030 -1
1 -22.999273 55.525162 10.000003 0.323745 0.072030 -1
1 -15.555024 58.052139 -9.999997 0.381015 0.052515 -1
1 -15.555024 58.052139 0.000002 0.381015 0.052515 -1
1 -15.555024 58.052139 10.000003 0.381015 0.052515 -1
1 -7.844624 59.585838 0.000002 0.440333 0.040672 -1
1 -7.844624 59.585838 -9.999997 0.440333 0.040672 -1
1 -7.844624 59.585838 10.000003 0.440333 0.040672 -1
1 0.000000 60.099998 -9.999997 0.500684 0.036701 -1
1 0.000000 60.099998 0.000002 0.500684 0.036701 -1
1 0.000000 60.099998 10.000003 0.500684 0.036701 -1
1 7.844624 59.585838 0.000002 0.561034 0.040672 -1
1 7.844624 59.585838 -9.999997 0.561034 0.040672 -1
1 7.844624 59.585838 10.000003 0.561034 0.040672 -1
1 15.555024 58.052139 -9.999997 0.620352 0.052515 -1
1 15.555024 58.052139 0.000002 0.620352 0.052515 -1
1 15.555024 58.052139 10.000003 0.620352 0.052515 -1
1 22.999273 55.525162 0.000002 0.677622 0.072030 -1
1 22.999273 55.525162 -9.999997 0.677622 0.072030 -1
1 22.999273 55.525162 10.000003 0.677622 0.072030 -1
1 30.049999 52.048126 -9.999998 0.731865 0.098881 -1
1 30.049999 52.048126 0.000002 0.731865 0.098881 -1
1 30.049999 52.048126 10.000002 0.731865 0.098881 -1
1 36.586559 47.680534 0.000002 0.782152 0.132610 -1
1 36.586559 47.680534 -9.999998 0.782152 0.132610 -1
1 36.586559 47.680534 10.000002 0.782152 0.132610 -1
1 42.497116 42.497116 -9.999998 0.827624 0.172639 -1
1 42.497116 42.497116 0.000001 0.827624 0.172639 -1
1 42.497116 42.497116 10.000002 0.827624 0.172639 -1
1 47.680534 36.586563 0.000001 0.867501 0.218283 -1
1 47.680534 36.586563 -9.999998 0.867501 0.218283 -1
1 47.680534 36.586563 10.000002 0.867501 0.218283 -1
1 52.048126 30.050001 -9.999999 0.901101 0.268761 -1
1 52.048126 30.050001 0.000001 0.901101 0.268761 -1
1 52.048126 30.050001 10.000001 0.901101 0.268761 -1
1 55.525158 22.999275 0.000001 0.927851 0.323210 -1
1 55.525158 22.999275 -9.999999 0.927851 0.323210 -1
1 55.525158 22.999275 10.000001 0.927851 0.323210 -1
1 58.052139 15.555027 -9.999999 0.947292 0.380699 -1
1 58.052139 15.555027 0.000000 0.947292 0.380699 -1
1 58.052139 15.555027 10.000001 0.947292 0.380699 -1
1 59.585835 7.844626 -0.000000 0.959091 0.440242 -1
1 59.585835 7.844626 -10.000000 0.959091 0.440242 -1
1 59.585835 7.844625 10.000000 0.959091 0.440242 -1
120
1.000000 0.000000 -0.000000
1.000000 0.000000 0.000000
0.991445 -0.130526 -0.000000
0.991445 -0.130526 -0.000000
0.894043 0.000000 0.447981
0.700306 -0.092197 0.707864
0.965926 -0.258819 -0.000000
0.965926 -0.258819 0.000000
0.863579 -0.231395 0.447981
0.923880 -0.382683 0.000000
0.923880 -0.382683 0.000000
0.652581 -0.270308 0.707864
0.866025 -0.500000 0.000000
0.866025 -0.500000 0.000000
0.774264 -0.447022 0.447981
0.793353 -0.608761 0.000000
0.793353 -0.608761 0.000000
0.560384 -0.429998 0.707864
0.707107 -0.707107 0.000000
0.632184 -0.632184 0.447981
0.608761 -0.793353 0.000000
0.429998 -0.560384 0.707864
0.500000 -0.866026 0.000000
0.447021 -0.774264 0.447981
0.382683 -0.923880 0.000000
0.382683 -0.923880 0.000000
0.270308 -0.652581 0.707864
0.258819 -0.965926 0.000000
0.231395 -0.863579 0.447981
0.130526 -0.991445 0.000000
0.116696 -0.886395 0.447981
0.000000 -1.000000 0.000000
-0.000000 -0.086446 0.996257
-0.130526 -0.991445 0.000000
-0.116696 -0.886395 0.447981
-0.258819 -0.965926 0.000000
-0.231395 -0.863579 0.447981
-0.382683 -0.923880 0.000000
-0.382683 -0.923880 0.000000
-0.270308 -0.652581 0.707864
-0.500000 -0.866026 0.000000
-0.447021 -0.774264 0.447981
-0.608761 -0.793353 0.000000
-0.608761 -0.793353 0.000000
-0.429998 -0.560384 0.707864
-0.707107 -0.707107 0.000000
-0.632184 -0.632184 0.447981
-0.793353 -0.608761 0.000000
-0.793353 -0.608761 0.000000
-0.560384 -0.429998 0.707864
-0.866025 -0.500000 0.000000
-0.866025 -0.500000 0.000000
-0.774264 -0.447022 0.447981
-0.923880 -0.382683 0.000000
-0.923880 -0.382683 0.000000
-0.652581 -0.270308 0.707864
-0.965926 -0.258819 -0.000000
-0.965926 -0.258819 0.000000
-0.863579 -0.231395 0.447981
-0.991445 -0.130526 -0.000000
-0.991445 -0.130526 -0.000000
-0.700306 -0.092197 0.707864
-1.000000 0.000000 -0.000000
-1.000000 0.000000 0.000000
-0.894043 0.000000 0.447981
-0.991445 0.130526 0.000000
-0.991445 0.130526 0.000000
-0.700306 0.092197 0.707864
-0.965926 0.258819 0.000000
-0.965926 0.258819 0.000000
-0.863579 0.231395 0.447981
-0.923880 0.382683 0.000000
-0.923880 0.382683 0.000000
-0.652581 0.270308 0.707864
-0.866025 0.500000 0.000000
-0.774264 0.447022 0.447981
-0.793353 0.608762 0.000000
-0.793353 0.608762 0.000000
-0.560384 0.429998 0.707864
-0.707107 0.707107 0.000000
-0.632184 0.632184 0.447981
-0.608761 0.793353 0.000000
-0.429998 0.560384 0.707864
-0.500000 0.866025 0.000000
-0.447022 0.774264 0.447981
-0.382683 0.923880 0.000000
-0.270308 0.652581 0.707864
-0.258819 0.965926 0.000000
-0.231395 0.863579 0.447981
-0.130526 0.991445 0.000000
-0.092197 0.700306 0.707864
0.000000 1.000000 0.000000
0.000000 0.894043 0.447981
0.130526 0.991445 0.000000
0.130526 0.991445 0.000000
0.092197 0.700306 0.707864
0.258819 0.965926 0.000000
0.231395 0.863579 0.447981
0.382683 0.923880 0.000000
0.270308 0.652581 0.707864
0.500000 0.866025 0.000000
0.447022 0.774264 0.447981
0.608761 0.793353 0.000000
0.608761 0.793353 0.000000
0.429998 0.560384 0.707864
0.707107 0.707107 0.000000
0.632184 0.632184 0.447981
0.793353 0.608762 0.000000
0.560384 0.429998 0.707864
0.866025 0.500000 0.000000
0.774264 0.447022 0.447981
0.923880 0.382683 0.000000
0.923880 0.382683 0.000000
0.652581 0.270308 0.707864
0.965926 0.258819 0.000000
0.965926 0.258819 0.000000
0.863579 0.231395 0.447981
0.991445 0.130526 0.000000
0.991445 0.130526 0.000000
0.700306 0.092197 0.707864
238
1 0 1 2 0 1 2 1
1 0 2 3 0 2 3 1
1 1 4 2 1 4 2 1
1 4 5 2 4 5 2 1
1 3 2 6 3 2 6 1
1 2 7 6 2 7 6 1
1 2 5 8 2 5 8 1
1 2 8 7 2 8 7 1
1 6 7 9 6 7 9 1
1 6 9 10 6 9 10 1
1 7 8 9 7 8 9 1
1 8 11 9 8 11 9 1
1 10 9 12 10 9 12 1
1 9 13 12 9 13 12 1
1 9 11 14 9 11 14 1
1 9 14 13 9 14 13 1
1 12 13 15 12 13 15 1
1 12 15 16 12 15 16 1
1 13 14 15 13 14 15 1
1 14 17 15 14 17 15 1
1 16 15 18 16 15 18 1
1 15 19 18 15 18 18 1
1 15 17 20 15 17 19 1
1 15 20 19 15 19 18 1
1 18 19 21 18 18 20 1
1 18 21 22 18 20 20 1
1 19 20 21 18 19 20 1
1 20 23 21 19 21 20 1
1 22 21 24 20 20 22 1
1 21 25 24 20 22 22 1
1 21 23 26 20 21 23 1
1 21 26 25 20 23 22 1
1 24 25 27 22 22 24 1
1 24 27 28 22 24 25 1
1 25 26 27 22 23 24 1
1 26 29 27 23 26 24 1
1 28 27 30 25 24 27 1
1 27 31 30 24 27 27 1
1 27 29 32 24 26 28 1
1 27 32 31 24 28 27 1
1 30 31 33 27 27 29 1
1 30 33 34 27 29 29 1
1 31 32 33 27 28 29 1
1 32 35 33 28 30 29 1
1 34 33 36 29 29 31 1
1 33 37 36 29 31 31 1
1 33 35 38 29 30 32 1
1 33 38 37 29 32 31 1
1 36 37 39 31 31 33 1
1 36 39 40 31 33 33 1
1 37 38 39 31 32 33 1
1 38 41 39 32 34 33 1
1 40 39 42 33 33 35 1
1 39 43 42 33 35 35 1
1 39 41 44 33 34 36 1
1 39 44 43 33 36 35 1
1 42 43 45 35 35 37 1
1 42 45 46 35 37 38 1
1 43 44 45 35 36 37 1
1 44 47 45 36 39 37 1
1 46 45 48 38 37 40 1
1 45 49 48 37 40 40 1
1 45 47 50 37 39 41 1
1 45 50 49 37 41 40 1
1 48 49 51 40 40 42 1
1 48 51 52 40 42 43 1
1 49 50 51 40 41 42 1
1 50 53 51 41 44 42 1
1 52 51 54 43 42 45 1
1 51 55 54 42 45 45 1
1 51 53 56 42 44 46 1
1 51 56 55 42 46 45 1
1 54 55 57 45 45 47 1
1 54 57 58 45 47 48 1
1 55 56 57 45 46 47 1
1 56 59 57 46 49 47 1
1 58 57 60 48 47 50 1
1 57 61 60 47 51 50 1
1 57 59 62 47 49 52 1
1 57 62 61 47 52 51 1
1 60 61 63 50 51 53 1
1 60 63 64 50 53 54 1
1 61 62 63 51 52 53 1
1 62 65 63 52 55 53 1
1 64 63 66 54 53 56 1
1 63 67 66 53 57 56 1
1 63 65 68 53 55 58 1
1 63 68 67 53 58 57 1
1 66 67 69 56 57 59 1
1 66 69 70 56 59 60 1
1 67 68 69 57 58 59 1
1 68 71 69 58 61 59 1
1 70 69 72 60 59 62 1
1 69 73 72 59 63 62 1
1 69 71 74 59 61 64 1
1 69 74 73 59 64 63 1
1 72 73 75 62 63 65 1
1 72 75 76 62 65 66 1
1 73 74 75 63 64 65 1
1 74 77 75 64 67 65 1
1 76 75 78 66 65 68 1
1 75 79 78 65 69 68 1
1 75 77 80 65 67 70 1
1 75 80 79 65 70 69 1
1 78 79 81 68 69 71 1
1 78 81 82 68 71 72 1
1 79 80 81 69 70 71 1
1 80 83 81 70 73 71 1
1 82 81 84 72 71 74 1
1 81 85 84 71 74 74 1
1 81 83 86 71 73 75 1
1 81 86 85 71 75 74 1
1 84 85 87 74 74 76 1
1 84 87 88 74 76 77 1
1 85 86 87 74 75 76 1
1 86 89 87 75 78 76 1
1 88 87 90 77 76 79 1
1 87 91 90 76 79 79 1
1 87 89 92 76 78 80 1
1 87 92 91 76 80 79 1
1 90 91 93 79 79 81 1
1 90 93 94 79 81 81 1
1 91 92 93 79 80 81 1
1 92 95 93 80 82 81 1
1 94 93 96 81 81 83 1
1 93 97 96 81 83 83 1
1 93 95 98 81 82 84 1
1 93 98 97 81 84 83 1
1 96 97 99 83 83 85 1
1 96 99 100 83 85 85 1
1 97 98 99 83 84 85 1
1 98 101 99 84 86 85 1
1 100 99 102 85 85 87 1
1 99 103 102 85 87 87 1
1 99 101 104 85 86 88 1
1 99 104 103 85 88 87 1
1 102 103 105 87 87 89 1
1 102 105 106 87 89 89 1
1 103 104 105 87 88 89 1
1 104 107 105 88 90 89 1
1 106 105 108 89 89 91 1
1 105 109 108 89 91 91 1
1 105 107 110 89 90 92 1
1 105 110 109 89 92 91 1
1 108 109 111 91 91 93 1
1 108 111 112 91 93 94 1
1 109 110 111 91 92 93 1
1 110 113 111 92 95 93 1
1 112 111 114 94 93 96 1
1 111 115 114 93 96 96 1
1 111 113 116 93 95 97 1
1 111 116 115 93 97 96 1
1 114 115 117 96 96 98 1
1 114 117 118 96 98 98 1
1 115 116 117 96 97 98 1
1 116 119 117 97 99 98 1
1 118 117 120 98 98 100 1
1 117 121 120 98 100 100 1
1 117 119 122 98 99 101 1
1 117 122 121 98 101 100 1
1 120 121 123 100 100 102 1
1 120 123 124 100 102 103 1
1 121 122 123 100 101 102 1
1 122 125 123 101 104 102 1
1 124 123 126 103 102 105 1
1 123 127 126 102 105 105 1
1 123 125 128 102 104 106 1
1 123 128 127 102 106 105 1
1 126 127 129 105 105 107 1
1 126 129 130 105 107 107 1
1 127 128 129 105 106 107 1
1 128 131 129 106 108 107 1
1 130 129 132 107 107 109 1
1 129 133 132 107 109 109 1
1 129 131 134 107 108 110 1
1 129 134 133 107 110 109 1
1 132 133 135 109 109 111 1
1 132 135 136 109 111 112 1
1 133 134 135 109 110 111 1
1 134 137 135 110 113 111 1
1 136 135 138 112 111 114 1
1 135 139 138 111 115 114 1
1 135 137 140 111 113 116 1
1 135 140 139 111 116 115 1
1 138 139 141 114 115 117 1
1 138 141 142 114 117 118 1
1 139 140 141 115 116 117 1
1 140 143 141 116 119 117 1
1 142 141 0 118 117 0 1
1 141 1 0 117 1 0 1
1 141 143 4 117 119 4 1
1 141 4 1 117 4 1 1
1 38 35 32 32 30 28 1
1 38 32 29 32 28 26 1
1 38 29 26 32 26 23 1
1 38 26 23 32 23 21 1
1 38 23 20 32 21 19 1
1 38 20 17 32 19 17 1
1 38 17 14 32 17 14 1
1 38 14 11 32 14 11 1
1 38 11 8 32 11 8 1
1 38 8 5 32 8 5 1
1 38 5 4 32 5 4 1
1 38 4 143 32 4 119 1
1 38 143 140 32 119 116 1
1 38 140 137 32 116 113 1
1 38 137 134 32 113 110 1
1 38 134 131 32 110 108 1
1 38 131 128 32 108 106 1
1 38 128 125 32 106 104 1
1 38 125 122 32 104 101 1
1 38 122 119 32 101 99 1
1 38 119 116 32 99 97 1
1 38 116 113 32 97 95 1
1 38 113 110 32 95 92 1
1 38 110 107 32 92 90 1
1 38 107 104 32 90 88 1
1 38 104 101 32 88 86 1
1 38 101 98 32 86 84 1
1 38 98 95 32 84 82 1
1 38 95 92 32 82 80 1
1 38 92 89 32 80 78 1
1 38 89 86 32 78 75 1
1 38 86 83 32 75 73 1
1 38 83 80 32 73 70 1
1 38 80 77 32 70 67 1
1 38 77 74 32 67 64 1
1 38 74 71 32 64 61 1
1 38 71 68 32 61 58 1
1 38 68 65 32 58 55 1
1 38 65 62 32 55 52 1
1 38 62 59 32 52 49 1
1 38 59 56 32 49 46 1
1 38 56 53 32 46 44 1
1 38 53 50 32 44 41 1
1 38 50 47 32 41 39 1
1 38 47 44 32 39 36 1
1 38 44 41 32 36 34 1

Materials: 1
"Material01"
0.200000 0.200000 0.200000 1.000000
0.800000 0.800000 0.800000 1.000000
0.000000 0.000000 0.000000 1.000000
0.000000 0.000000 0.000000 1.000000
0.000000
1.000000
"ghdrumyellow.png"
""

Bones: 0
GroupComments: 0
MaterialComments: 0
BoneComments: 0
ModelComment: 0
