// MilkShape 3D ASCII

Frames: 30
Frame: 1

Meshes: 2
"Triangles" 0 0
20
0 -23.737526 2.189258 -13.962439 0.774483 0.062500 -1
0 -23.681963 0.058823 -14.014725 1.000000 0.000000 -1
0 -30.244452 0.058823 -13.959175 0.000504 0.000000 -1
0 -30.308968 2.189258 -13.994698 0.304300 0.060501 -1
0 -23.419550 2.071611 13.980101 0.774987 0.936492 -1
0 -23.451807 -0.058824 14.015629 1.000000 1.000000 -1
0 -30.046547 -0.058824 14.015629 0.000000 1.000000 -1
0 -29.990992 2.071611 14.012362 0.304804 0.936509 -1
0 -23.419546 12.099730 11.987198 0.774987 0.653226 -1
0 -30.055508 12.099730 12.083971 0.303795 0.655259 -1
0 -30.341225 12.099730 -11.773170 0.303795 0.374009 -1
0 -23.673006 12.099730 -11.805429 0.775491 0.373992 -1
0 -30.212193 15.040906 -9.773169 0.305812 0.436509 -1
0 -23.705263 15.040906 -9.773169 0.774987 0.437500 -1
0 -29.990992 18.127876 0.066357 0.304804 0.531267 -1
0 -23.419546 18.127876 -0.030418 0.774987 0.497984 -1
0 -30.023249 15.040906 10.083971 0.304300 0.592759 -1
0 -23.419546 15.040906 10.019455 0.774987 0.591734 -1
0 -30.055508 12.099730 12.083971 0.273538 -0.000991 -1
0 -30.023249 15.040906 10.083971 0.273538 -0.000991 -1
18
0.554179 0.064088 -0.829927
0.700760 0.035763 -0.712500
-0.449623 -0.010024 -0.893162
-0.558344 0.115011 -0.821599
0.325308 0.122338 0.937661
0.711322 0.010318 0.702791
-0.891042 -0.001130 0.453920
-0.313117 0.073730 0.946848
0.013471 0.382844 0.923715
0.010031 0.383157 0.923629
-0.004439 0.397607 -0.917545
-0.000999 0.397861 -0.917445
-0.001402 0.730555 -0.682852
-0.001557 0.866857 -0.498555
-0.000038 0.994309 -0.106537
0.000958 0.995047 0.099403
0.005363 0.868008 0.496520
0.008099 0.728266 0.685247
21
0 0 1 2 0 1 2 1
0 2 3 0 2 3 0 1
0 0 4 5 0 4 5 1
0 5 1 0 5 1 0 1
0 3 2 6 3 2 6 1
0 6 7 3 6 7 3 1
0 7 6 5 7 6 5 1
0 5 4 7 5 4 7 1
0 4 8 9 4 8 9 1
0 9 7 4 9 7 4 1
0 3 10 11 3 10 11 1
0 11 0 3 11 0 3 1
0 12 11 10 12 11 10 1
0 12 13 11 12 13 11 1
0 13 12 14 13 12 14 1
0 14 15 13 14 15 13 1
0 15 14 16 15 14 16 1
0 16 17 15 16 17 15 1
0 16 9 17 16 9 17 1
0 17 9 8 17 9 8 1
0 18 19 19 9 16 16 1
"Regroup02" 1 0
14
1 -30.212193 15.040906 -9.773169 0.541719 0.574018 -1
1 -30.023249 15.040906 10.083971 0.550309 0.574018 -1
1 -29.990992 18.127876 0.066357 0.546172 0.536453 -1
1 -23.737526 2.189258 -13.962439 0.534747 0.943062 -1
1 -23.673006 12.099730 -11.805429 0.538228 0.646939 -1
1 -23.419550 2.071611 13.980101 0.557226 0.945244 -1
1 -23.705263 15.040906 -9.773169 0.541719 0.574018 -1
1 -23.419546 12.099730 11.987198 0.553579 0.646939 -1
1 -23.419546 18.127876 -0.030418 0.546005 0.536453 -1
1 -23.419546 15.040906 10.019455 0.550198 0.574018 -1
1 -30.308968 2.189258 -13.994698 0.534692 0.943062 -1
1 -29.990992 2.071611 14.012362 0.557281 0.945244 -1
1 -30.055508 12.099730 12.083971 0.553745 0.646939 -1
1 -30.341225 12.099730 -11.773170 0.538285 0.646939 -1
14
-0.999102 0.041290 0.009507
0.999927 -0.004030 -0.011396
0.999956 0.004984 -0.007891
0.999949 0.002428 -0.009758
0.999895 -0.008164 -0.011948
0.999863 -0.012830 -0.010485
0.999799 -0.017905 -0.008981
1.000000 0.000000 0.000000
-0.999919 -0.005096 0.011655
-0.999927 -0.004253 0.011335
-0.999926 0.002972 0.011762
-0.999796 0.016850 0.011154
-0.999543 0.028241 0.010741
-0.999256 0.037373 0.009508
10
1 0 1 2 0 0 0 1
1 3 4 5 1 2 3 1
1 5 4 6 3 2 4 1
1 7 5 6 5 3 4 1
1 6 8 7 4 6 5 1
1 7 8 9 5 6 7 1
1 10 11 12 8 9 10 1
1 12 13 10 10 11 8 1
1 13 12 1 11 10 12 1
1 1 0 13 12 13 11 1

Materials: 1
"Material01"
0.200000 0.200000 0.200000 1.000000
0.800000 0.800000 0.800000 1.000000
0.000000 0.000000 0.000000 1.000000
0.000000 0.000000 0.000000 1.000000
0.000000
1.000000
"Explosion Side.png"
""

Bones: 0
GroupComments: 0
MaterialComments: 0
BoneComments: 0
ModelComment: 0
