// MilkShape 3D ASCII

Frames: 30
Frame: 1

Meshes: 4
"Top" 0 0
25
0 19.170221 5.183350 0.000000 0.737420 0.499228 -1
0 13.781153 5.024490 0.000000 0.670474 0.499228 -1
0 16.601898 5.183350 9.585111 0.705515 0.618416 -1
0 11.934825 5.024490 6.883265 0.647538 0.584819 -1
0 6.890576 5.024490 11.922165 0.584874 0.647476 -1
0 9.585111 5.183350 16.601898 0.618348 0.705666 -1
0 -0.000000 5.183350 19.170221 0.499275 0.737602 -1
0 -0.000000 5.024490 13.766530 0.499275 0.670409 -1
0 -6.890576 5.024490 11.922165 0.413676 0.647476 -1
0 -9.585111 5.183350 16.601898 0.380202 0.705666 -1
0 -16.601898 5.183350 9.585111 0.293035 0.618416 -1
0 -11.934825 5.024490 6.883265 0.351013 0.584819 -1
0 -13.781153 5.024490 0.000000 0.328076 0.499228 -1
0 -19.170221 5.183350 0.000000 0.261130 0.499228 -1
0 -16.601898 5.183350 -9.585111 0.293035 0.380041 -1
0 -11.934825 5.024490 -6.883265 0.351013 0.413637 -1
0 -6.890576 5.024490 -11.922165 0.413676 0.350980 -1
0 -9.585111 5.183350 -16.601898 0.380202 0.292790 -1
0 -0.000000 5.183350 -19.170221 0.499275 0.260854 -1
0 -0.000000 5.024490 -13.766530 0.499275 0.328047 -1
0 6.890576 5.024490 -11.922165 0.584874 0.350980 -1
0 9.585111 5.183350 -16.601898 0.618348 0.292790 -1
0 16.601898 5.183350 -9.585111 0.705515 0.380041 -1
0 11.934825 5.024490 -6.883265 0.647538 0.413637 -1
0 -0.000000 12.000000 0.000000 0.499275 0.499228 -1
25
-0.705636 0.708574 0.000000
0.133775 0.991012 0.000000
-0.611091 0.708583 -0.352815
0.187836 0.976183 0.108561
0.066897 0.990993 0.116005
-0.352809 0.708596 -0.611079
-0.000000 0.708601 -0.705609
0.000000 0.976141 0.217138
-0.066897 0.990993 0.116005
0.352809 0.708596 -0.611079
0.611091 0.708583 -0.352815
-0.187836 0.976183 0.108561
-0.133775 0.991012 0.000000
0.705636 0.708574 0.000000
0.611091 0.708583 0.352815
-0.187836 0.976183 -0.108561
-0.066897 0.990993 -0.116005
0.352809 0.708596 0.611079
0.000000 0.708601 0.705609
0.000000 0.976141 -0.217138
0.066897 0.990993 -0.116005
-0.352809 0.708596 0.611079
-0.611091 0.708583 0.352815
0.187836 0.976183 -0.108561
0.000000 1.000000 0.000000
37
0 0 1 2 0 1 2 1
0 1 3 2 1 3 2 1
0 2 3 4 2 3 4 1
0 2 4 5 2 4 5 1
0 5 4 6 5 4 6 1
0 4 7 6 4 7 6 1
0 6 7 8 6 7 8 1
0 6 8 9 6 8 9 1
0 9 8 10 9 8 10 1
0 8 11 10 8 11 10 1
0 10 11 12 10 11 12 1
0 10 12 13 10 12 13 1
0 13 12 14 13 12 14 1
0 12 15 14 12 15 14 1
0 14 15 16 14 15 16 1
0 14 16 17 14 16 17 1
0 17 16 18 17 16 18 1
0 16 19 18 16 19 18 1
0 18 19 20 18 19 20 1
0 18 20 21 18 20 21 1
0 21 20 22 21 20 22 1
0 20 23 22 20 23 22 1
0 22 23 1 22 23 1 1
0 22 1 0 22 1 0 1
0 1 24 3 1 24 3 1
0 1 23 24 1 23 24 1
0 24 23 20 24 23 20 1
0 20 19 24 20 19 24 1
0 24 19 16 24 19 16 1
0 16 15 24 16 15 24 1
0 24 15 12 24 15 12 1
0 12 11 24 12 11 24 1
0 8 24 11 8 24 11 1
0 8 7 24 8 7 24 1
0 4 4 4 4 4 4 1
0 24 7 4 24 7 4 1
0 4 3 24 4 3 24 1
"Bottom" 0 0
25
0 30.000000 0.000000 0.000000 0.101803 0.071037 -1
0 25.980762 0.000000 15.000000 0.100460 0.076170 -1
0 0.000000 0.000000 0.000000 0.091778 0.071037 -1
0 30.000000 3.500000 0.000000 0.101803 0.071037 -1
0 25.980762 3.500000 15.000000 0.100460 0.076170 -1
0 15.000000 0.000000 25.980762 0.096791 0.079927 -1
0 15.000000 3.500000 25.980762 0.096791 0.079927 -1
0 0.000000 0.000000 30.000000 0.091778 0.081302 -1
0 0.000000 3.500000 30.000000 0.091778 0.081302 -1
0 -15.000000 0.000000 25.980762 0.086766 0.079927 -1
0 -15.000000 3.500000 25.980762 0.086766 0.079927 -1
0 -25.980762 0.000000 15.000000 0.083096 0.076170 -1
0 -25.980762 3.500000 15.000000 0.083096 0.076170 -1
0 -30.000000 0.000000 0.000000 0.081753 0.071037 -1
0 -30.000000 3.500000 0.000000 0.081753 0.071037 -1
0 -25.980762 0.000000 -15.000000 0.083096 0.065904 -1
0 -25.980762 3.500000 -15.000000 0.083096 0.065904 -1
0 -15.000000 0.000000 -25.980762 0.086766 0.062146 -1
0 -15.000000 3.500000 -25.980762 0.086766 0.062146 -1
0 -0.000000 0.000000 -30.000000 0.091778 0.060772 -1
0 -0.000000 3.500000 -30.000000 0.091778 0.060772 -1
0 15.000000 0.000000 -25.980762 0.096791 0.062146 -1
0 15.000000 3.500000 -25.980762 0.096791 0.062146 -1
0 25.980762 0.000000 -15.000000 0.100460 0.065904 -1
0 25.980762 3.500000 -15.000000 0.100460 0.065904 -1
25
0.000000 -1.000000 0.000000
1.000000 0.000000 0.000000
0.762590 0.646882 0.000000
0.661171 0.645911 0.381644
0.866025 0.000000 0.500000
0.500000 0.000000 0.866025
0.382246 0.644258 0.662434
0.000000 0.643584 0.765375
0.000000 0.000000 1.000000
-0.500000 0.000000 0.866025
-0.382247 0.644258 0.662434
-0.661171 0.645911 0.381644
-0.866025 0.000000 0.500000
-1.000000 0.000000 0.000000
-0.762590 0.646882 0.000000
-0.661171 0.645911 -0.381644
-0.866025 0.000000 -0.500000
-0.500000 0.000000 -0.866025
-0.382246 0.644258 -0.662434
-0.000000 0.643584 -0.765375
0.000000 0.000000 -1.000000
0.500000 0.000000 -0.866025
0.382247 0.644258 -0.662434
0.661171 0.645911 -0.381644
0.866025 0.000000 -0.500000
36
0 0 1 2 0 0 0 2
0 0 3 4 1 2 3 1
0 0 4 1 1 3 4 1
0 1 5 2 0 0 0 2
0 1 4 5 4 3 5 1
0 4 6 5 3 6 5 1
0 5 7 2 0 0 0 2
0 5 6 8 5 6 7 1
0 5 8 7 5 7 8 1
0 7 9 2 0 0 0 2
0 7 8 9 8 7 9 1
0 8 10 9 7 10 9 1
0 9 11 2 0 0 0 2
0 9 10 12 9 10 11 1
0 9 12 11 9 11 12 1
0 11 13 2 0 0 0 2
0 11 12 13 12 11 13 1
0 12 14 13 11 14 13 1
0 13 15 2 0 0 0 2
0 13 14 16 13 14 15 1
0 13 16 15 13 15 16 1
0 15 17 2 0 0 0 2
0 15 16 17 16 15 17 1
0 16 18 17 15 18 17 1
0 17 19 2 0 0 0 2
0 17 18 20 17 18 19 1
0 17 20 19 17 19 20 1
0 19 21 2 0 0 0 2
0 19 20 21 20 19 21 1
0 20 22 21 19 22 21 1
0 21 23 2 0 0 0 2
0 21 22 24 21 22 23 1
0 21 24 23 21 23 24 1
0 23 0 2 0 0 0 2
0 23 24 0 24 23 1 1
0 24 3 0 23 2 1 1
"Center" 1 0
24
0 30.000000 3.500000 0.000000 0.946491 0.503321 -1
1 22.256584 5.000000 0.000000 0.926712 0.498156 -1
0 25.980762 3.500000 15.000000 0.887080 0.726139 -1
1 19.274765 5.000000 11.304932 0.868617 0.711542 -1
1 11.128292 5.000000 19.580715 0.709897 0.867752 -1
0 15.000000 3.500000 25.980762 0.724766 0.889253 -1
0 0.000000 3.500000 30.000000 0.503041 0.948957 -1
1 -0.000000 5.000000 22.609863 0.493082 0.924927 -1
1 -11.128292 5.000000 19.580715 0.276267 0.867752 -1
0 -15.000000 3.500000 25.980762 0.281316 0.889253 -1
0 -25.980762 3.500000 15.000000 0.119002 0.726139 -1
1 -19.274765 5.000000 11.304932 0.117548 0.711542 -1
1 -22.256584 5.000000 0.000000 0.059452 0.498156 -1
0 -30.000000 3.500000 0.000000 0.059591 0.503321 -1
0 -25.980762 3.500000 -15.000000 0.119002 0.280503 -1
1 -19.274765 5.000000 -11.304932 0.117548 0.284770 -1
1 -11.128292 5.000000 -19.580715 0.276267 0.128561 -1
0 -15.000000 3.500000 -25.980762 0.281316 0.117389 -1
0 -0.000000 3.500000 -30.000000 0.503041 0.057685 -1
1 -0.000000 5.000000 -22.609863 0.493082 0.071384 -1
1 11.128292 5.000000 -19.580715 0.709897 0.128561 -1
0 15.000000 3.500000 -25.980762 0.724766 0.117389 -1
0 25.980762 3.500000 -15.000000 0.887080 0.280503 -1
1 19.274765 5.000000 -11.304932 0.868617 0.284770 -1
24
0.762590 0.646882 0.000000
0.763118 0.646259 0.000000
0.661171 0.645911 0.381644
0.663339 0.645875 0.377925
0.385535 0.644575 0.660217
0.382246 0.644258 0.662434
0.000000 0.643584 0.765375
0.000000 0.643665 0.765307
-0.385535 0.644575 0.660217
-0.382247 0.644258 0.662434
-0.661171 0.645911 0.381644
-0.663339 0.645875 0.377925
-0.763118 0.646259 0.000000
-0.762590 0.646882 0.000000
-0.661171 0.645911 -0.381644
-0.663339 0.645875 -0.377925
-0.385535 0.644575 -0.660217
-0.382246 0.644258 -0.662434
-0.000000 0.643584 -0.765375
0.000000 0.643665 -0.765307
0.385535 0.644575 -0.660217
0.382247 0.644258 -0.662434
0.661171 0.645911 -0.381644
0.663339 0.645875 -0.377925
24
1 0 1 2 0 1 2 1
1 1 3 2 1 3 2 1
1 2 3 4 2 3 4 1
1 2 4 5 2 4 5 1
1 5 4 6 5 4 6 1
1 4 7 6 4 7 6 1
1 6 7 8 6 7 8 1
1 6 8 9 6 8 9 1
1 9 8 10 9 8 10 1
1 8 11 10 8 11 10 1
1 10 11 12 10 11 12 1
1 10 12 13 10 12 13 1
1 13 12 14 13 12 14 1
1 12 15 14 12 15 14 1
1 14 15 16 14 15 16 1
1 14 16 17 14 16 17 1
1 17 16 18 17 16 18 1
1 16 19 18 16 19 18 1
1 18 19 20 18 19 20 1
1 18 20 21 18 20 21 1
1 21 20 22 21 20 22 1
1 20 23 22 20 23 22 1
1 22 23 1 22 23 1 1
1 22 1 0 22 1 0 1
"Center2" 0 0
48
0 -11.128292 5.000000 19.580715 0.307582 0.816725 -1
0 -19.274765 6.500000 11.304932 0.170900 0.680185 -1
0 -19.274765 5.000000 11.304932 0.170900 0.680185 -1
0 -9.585111 6.244205 16.601898 0.333474 0.767578 -1
0 -16.601898 6.244205 9.585111 0.215745 0.651810 -1
0 -16.601898 5.183350 9.585111 0.215745 0.651810 -1
0 -19.274765 6.500000 -11.304932 0.170900 0.307152 -1
0 -9.585111 6.244205 -16.601898 0.333474 0.219759 -1
0 -11.128292 6.500000 -19.580715 0.307582 0.170612 -1
0 -16.601898 5.183350 -9.585111 0.215745 0.335527 -1
0 -9.585111 5.183350 -16.601898 0.333474 0.219759 -1
0 9.585111 6.244205 -16.601898 0.655115 0.219759 -1
0 9.585111 5.183350 -16.601898 0.655115 0.219759 -1
0 16.601898 5.183350 -9.585111 0.772843 0.335527 -1
0 22.256584 5.000000 0.000000 0.867718 0.493668 -1
0 22.256584 6.500000 0.000000 0.867718 0.493668 -1
0 19.274765 6.500000 11.304932 0.817689 0.680185 -1
0 19.274765 5.000000 11.304932 0.817689 0.680185 -1
0 19.170221 6.244205 0.000000 0.815934 0.493668 -1
0 16.601898 6.244205 9.585111 0.772843 0.651810 -1
0 19.170221 5.183350 0.000000 0.815934 0.493668 -1
0 16.601898 5.183350 9.585111 0.772843 0.651810 -1
0 11.128292 5.000000 19.580715 0.681007 0.816725 -1
0 11.128292 6.500000 19.580715 0.681007 0.816725 -1
0 9.585111 6.244205 16.601898 0.655115 0.767578 -1
0 9.585111 5.183350 16.601898 0.655115 0.767578 -1
0 -0.000000 6.500000 22.609863 0.494294 0.866701 -1
0 -0.000000 5.000000 22.609863 0.494294 0.866701 -1
0 -0.000000 6.244205 19.170221 0.494294 0.809952 -1
0 -0.000000 5.183350 19.170221 0.494294 0.809952 -1
0 -11.128292 6.500000 19.580715 0.307582 0.816725 -1
0 -9.585111 5.183350 16.601898 0.333474 0.767578 -1
0 -22.256584 5.000000 0.000000 0.120870 0.493668 -1
0 -22.256584 6.500000 0.000000 0.120870 0.493668 -1
0 -19.170221 6.244205 0.000000 0.172653 0.493668 -1
0 -19.170221 5.183350 0.000000 0.172653 0.493668 -1
0 -19.274765 5.000000 -11.304932 0.170900 0.307152 -1
0 -16.601898 6.244205 -9.585111 0.215745 0.335527 -1
0 -11.128292 5.000000 -19.580715 0.307582 0.170612 -1
0 -0.000000 6.500000 -22.609863 0.494294 0.120635 -1
0 -0.000000 5.000000 -22.609863 0.494294 0.120635 -1
0 -0.000000 6.244205 -19.170221 0.494294 0.177385 -1
0 -0.000000 5.183350 -19.170221 0.494294 0.177385 -1
0 11.128292 5.000000 -19.580715 0.681007 0.170612 -1
0 11.128292 6.500000 -19.580715 0.681007 0.170612 -1
0 19.274765 6.500000 -11.304932 0.817689 0.307152 -1
0 19.274765 5.000000 -11.304932 0.817689 0.307152 -1
0 16.601898 6.244205 -9.585111 0.772843 0.335527 -1
48
-0.385535 0.644575 0.660217
-0.577394 0.747220 0.329055
-0.663339 0.645875 0.377925
0.361776 0.691164 -0.625628
0.627180 0.689700 -0.361882
0.611091 0.708583 -0.352815
-0.577394 0.747220 -0.329055
0.361776 0.691164 0.625628
-0.336067 0.746229 -0.574631
0.611091 0.708583 0.352815
0.352809 0.708596 0.611079
-0.361776 0.691164 0.625628
-0.352809 0.708596 0.611079
-0.611091 0.708583 0.352815
0.763118 0.646259 0.000000
0.663824 0.747889 -0.000000
0.577394 0.747220 0.329055
0.663339 0.645875 0.377925
-0.724685 0.689080 0.000000
-0.627180 0.689700 -0.361882
-0.705636 0.708574 0.000000
-0.611091 0.708583 -0.352815
0.385535 0.644575 0.660217
0.336067 0.746229 0.574631
-0.361776 0.691164 -0.625628
-0.352809 0.708596 -0.611079
0.000000 0.745895 0.666064
0.000000 0.643665 0.765307
0.000000 0.692019 -0.721880
-0.000000 0.708601 -0.705609
-0.336067 0.746229 0.574631
0.352809 0.708596 -0.611079
-0.763118 0.646259 0.000000
-0.663824 0.747889 -0.000000
0.724685 0.689080 0.000000
0.705636 0.708574 0.000000
-0.663339 0.645875 -0.377925
0.627180 0.689700 0.361882
-0.385535 0.644575 -0.660217
-0.000000 0.745895 -0.666064
0.000000 0.643665 -0.765307
0.000000 0.692019 0.721880
0.000000 0.708601 0.705609
0.385535 0.644575 -0.660217
0.336067 0.746229 -0.574631
0.577394 0.747220 -0.329055
0.663339 0.645875 -0.377925
-0.627180 0.689700 0.361882
72
0 0 1 2 0 1 2 1
0 3 4 1 3 4 1 1
0 3 5 4 3 5 4 1
0 6 7 8 6 7 8 1
0 9 10 7 9 10 7 1
0 11 12 13 11 12 13 1
0 14 15 16 14 15 16 1
0 14 16 17 14 16 17 1
0 15 18 16 15 18 16 1
0 18 19 16 18 19 16 1
0 18 20 21 18 20 21 1
0 18 21 19 18 21 19 1
0 17 16 22 17 16 22 1
0 16 23 22 16 23 22 1
0 16 19 24 16 19 24 1
0 16 24 23 16 24 23 1
0 19 21 24 19 21 24 1
0 21 25 24 21 25 24 1
0 22 23 26 22 23 26 1
0 22 26 27 22 26 27 1
0 23 24 26 23 24 26 1
0 24 28 26 24 28 26 1
0 24 25 29 24 25 29 1
0 24 29 28 24 29 28 1
0 27 26 0 27 26 0 1
0 26 30 0 26 30 0 1
0 26 28 3 26 28 3 1
0 26 3 30 26 3 30 1
0 28 29 3 28 29 3 1
0 29 31 3 29 31 3 1
0 0 30 1 0 30 1 1
0 30 3 1 30 3 1 1
0 3 31 5 3 31 5 1
0 2 1 32 2 1 32 1
0 1 33 32 1 33 32 1
0 1 4 34 1 4 34 1
0 1 34 33 1 34 33 1
0 4 5 34 4 5 34 1
0 5 35 34 5 35 34 1
0 32 33 6 32 33 6 1
0 32 6 36 32 6 36 1
0 33 34 6 33 34 6 1
0 34 37 6 34 37 6 1
0 34 35 9 34 35 9 1
0 34 9 37 34 9 37 1
0 36 6 38 36 6 38 1
0 6 8 38 6 8 38 1
0 6 37 7 6 37 7 1
0 37 9 7 37 9 7 1
0 38 8 39 38 8 39 1
0 38 39 40 38 39 40 1
0 8 7 39 8 7 39 1
0 7 41 39 7 41 39 1
0 7 10 42 7 10 42 1
0 7 42 41 7 42 41 1
0 40 39 43 40 39 43 1
0 39 44 43 39 44 43 1
0 39 41 11 39 41 11 1
0 39 11 44 39 11 44 1
0 41 42 11 41 42 11 1
0 42 12 11 42 12 11 1
0 43 44 45 43 44 45 1
0 43 45 46 43 45 46 1
0 44 11 45 44 11 45 1
0 11 47 45 11 47 45 1
0 11 13 47 11 13 47 1
0 46 45 14 46 45 14 1
0 45 15 14 45 15 14 1
0 45 47 18 45 47 18 1
0 45 18 15 45 18 15 1
0 47 13 18 47 13 18 1
0 13 20 18 13 20 18 1

Materials: 1
"Material01"
0.200000 0.200000 0.200000 1.000000
0.800000 0.800000 0.800000 1.000000
0.000000 0.000000 0.000000 1.000000
0.000000 0.000000 0.000000 1.000000
0.000000
1.000000
"Tap Hat Green.png"
""

Bones: 0
GroupComments: 0
MaterialComments: 0
BoneComments: 0
ModelComment: 0
